0 0 0
0 1 0
0 2 0
0 3 1
0 4 0
0 5 1
0 6 0
0 7 1
0 8 0
0 9 1
0 10 0
0 11 1
0 12 0
0 13 0
0 14 0
0 15 0
0 16 0
0 17 0
0 18 1
0 19 1
0 20 0
0 21 1
0 22 1
0 23 1
0 24 1
0 25 0
0 26 1
0 27 0
0 28 1
0 29 1
0 30 1
0 31 1
0 32 0
0 33 1
0 34 1
0 35 0
0 36 0
0 37 0
0 38 1
0 39 0
0 40 0
0 41 1
0 42 1
0 43 0
0 44 0
0 45 1
0 46 0
0 47 1
0 48 0
0 49 1
0 50 0
0 51 0
0 52 0
0 53 0
0 54 0
0 55 0
0 56 1
0 57 0
0 58 1
0 59 1
0 60 0
0 61 1
0 62 0
0 63 1
0 64 0
0 65 1
0 66 1
0 67 1
0 68 1
0 69 1
0 70 1
0 71 0
0 72 1
0 73 1
0 74 0
0 75 1
0 76 1
0 77 1
0 78 0
0 79 1
0 80 0
0 81 1
0 82 0
0 83 1
0 84 0
0 85 1
0 86 0
0 87 1
0 88 1
0 89 0
0 90 0
0 91 0
0 92 1
0 93 0
0 94 1
0 95 1
0 96 0
0 97 0
0 98 0
0 99 1
1 0 1
1 1 0
1 2 0
1 3 0
1 4 0
1 5 0
1 6 1
1 7 0
1 8 1
1 9 0
1 10 0
1 11 0
1 12 1
1 13 1
1 14 1
1 15 0
1 16 0
1 17 0
1 18 0
1 19 1
1 20 0
1 21 0
1 22 0
1 23 1
1 24 1
1 25 0
1 26 0
1 27 1
1 28 1
1 29 0
1 30 0
1 31 0
1 32 0
1 33 0
1 34 0
1 35 1
1 36 1
1 37 0
1 38 0
1 39 1
1 40 0
1 41 0
1 42 1
1 43 1
1 44 1
1 45 0
1 46 0
1 47 1
1 48 1
1 49 0
1 50 1
1 51 0
1 52 0
1 53 0
1 54 0
1 55 0
1 56 1
1 57 1
1 58 0
1 59 0
1 60 0
1 61 0
1 62 0
1 63 1
1 64 0
1 65 1
1 66 0
1 67 1
1 68 0
1 69 1
1 70 1
1 71 0
1 72 0
1 73 0
1 74 1
1 75 1
1 76 0
1 77 0
1 78 0
1 79 1
1 80 1
1 81 0
1 82 0
1 83 1
1 84 0
1 85 1
1 86 1
1 87 0
1 88 1
1 89 0
1 90 0
1 91 0
1 92 0
1 93 1
1 94 1
1 95 1
1 96 0
1 97 0
1 98 0
1 99 0
2 0 0
2 1 0
2 2 0
2 3 1
2 4 1
2 5 0
2 6 0
2 7 1
2 8 0
2 9 1
2 10 1
2 11 0
2 12 0
2 13 1
2 14 1
2 15 0
2 16 1
2 17 1
2 18 0
2 19 1
2 20 0
2 21 1
2 22 0
2 23 1
2 24 1
2 25 1
2 26 1
2 27 1
2 28 1
2 29 1
2 30 1
2 31 1
2 32 0
2 33 1
2 34 0
2 35 0
2 36 1
2 37 1
2 38 1
2 39 0
2 40 0
2 41 0
2 42 0
2 43 0
2 44 0
2 45 0
2 46 0
2 47 1
2 48 1
2 49 1
2 50 1
2 51 0
2 52 0
2 53 0
2 54 1
2 55 1
2 56 1
2 57 1
2 58 0
2 59 1
2 60 0
2 61 1
2 62 0
2 63 0
2 64 0
2 65 0
2 66 1
2 67 0
2 68 1
2 69 0
2 70 1
2 71 1
2 72 0
2 73 0
2 74 0
2 75 1
2 76 1
2 77 1
2 78 0
2 79 0
2 80 0
2 81 1
2 82 1
2 83 0
2 84 1
2 85 1
2 86 1
2 87 1
2 88 0
2 89 1
2 90 0
2 91 0
2 92 1
2 93 0
2 94 1
2 95 1
2 96 0
2 97 0
2 98 0
2 99 0
3 0 1
3 1 1
3 2 1
3 3 0
3 4 1
3 5 1
3 6 1
3 7 1
3 8 1
3 9 1
3 10 0
3 11 1
3 12 0
3 13 1
3 14 1
3 15 0
3 16 1
3 17 1
3 18 1
3 19 1
3 20 0
3 21 0
3 22 1
3 23 0
3 24 1
3 25 0
3 26 1
3 27 1
3 28 0
3 29 1
3 30 1
3 31 1
3 32 0
3 33 0
3 34 1
3 35 0
3 36 0
3 37 1
3 38 0
3 39 1
3 40 1
3 41 0
3 42 1
3 43 0
3 44 0
3 45 1
3 46 0
3 47 1
3 48 0
3 49 0
3 50 0
3 51 0
3 52 0
3 53 1
3 54 0
3 55 1
3 56 0
3 57 1
3 58 1
3 59 1
3 60 1
3 61 0
3 62 0
3 63 0
3 64 1
3 65 1
3 66 0
3 67 0
3 68 1
3 69 1
3 70 1
3 71 1
3 72 0
3 73 0
3 74 0
3 75 1
3 76 0
3 77 0
3 78 0
3 79 0
3 80 0
3 81 0
3 82 0
3 83 0
3 84 1
3 85 0
3 86 1
3 87 0
3 88 1
3 89 1
3 90 1
3 91 0
3 92 1
3 93 0
3 94 1
3 95 1
3 96 1
3 97 1
3 98 1
3 99 0
4 0 0
4 1 1
4 2 0
4 3 1
4 4 0
4 5 1
4 6 0
4 7 0
4 8 1
4 9 1
4 10 1
4 11 1
4 12 0
4 13 1
4 14 0
4 15 0
4 16 0
4 17 1
4 18 0
4 19 0
4 20 0
4 21 0
4 22 1
4 23 0
4 24 0
4 25 1
4 26 0
4 27 1
4 28 0
4 29 0
4 30 1
4 31 0
4 32 1
4 33 0
4 34 0
4 35 0
4 36 1
4 37 1
4 38 1
4 39 1
4 40 0
4 41 0
4 42 1
4 43 0
4 44 1
4 45 1
4 46 1
4 47 0
4 48 0
4 49 0
4 50 0
4 51 0
4 52 0
4 53 0
4 54 1
4 55 0
4 56 0
4 57 0
4 58 1
4 59 1
4 60 0
4 61 1
4 62 1
4 63 1
4 64 1
4 65 1
4 66 1
4 67 0
4 68 1
4 69 0
4 70 0
4 71 1
4 72 0
4 73 0
4 74 0
4 75 1
4 76 1
4 77 0
4 78 1
4 79 0
4 80 1
4 81 0
4 82 1
4 83 1
4 84 1
4 85 0
4 86 1
4 87 0
4 88 0
4 89 1
4 90 0
4 91 1
4 92 1
4 93 0
4 94 0
4 95 1
4 96 1
4 97 1
4 98 0
4 99 1
5 0 1
5 1 0
5 2 0
5 3 0
5 4 1
5 5 0
5 6 1
5 7 0
5 8 0
5 9 1
5 10 1
5 11 0
5 12 0
5 13 0
5 14 1
5 15 0
5 16 1
5 17 1
5 18 0
5 19 0
5 20 0
5 21 1
5 22 0
5 23 1
5 24 0
5 25 0
5 26 0
5 27 1
5 28 1
5 29 1
5 30 0
5 31 1
5 32 1
5 33 1
5 34 1
5 35 0
5 36 0
5 37 1
5 38 0
5 39 1
5 40 1
5 41 1
5 42 0
5 43 1
5 44 1
5 45 1
5 46 1
5 47 1
5 48 1
5 49 1
5 50 0
5 51 0
5 52 0
5 53 0
5 54 1
5 55 0
5 56 0
5 57 1
5 58 0
5 59 0
5 60 0
5 61 0
5 62 1
5 63 0
5 64 1
5 65 1
5 66 1
5 67 1
5 68 1
5 69 1
5 70 0
5 71 0
5 72 1
5 73 1
5 74 0
5 75 1
5 76 1
5 77 0
5 78 1
5 79 1
5 80 1
5 81 0
5 82 0
5 83 1
5 84 0
5 85 0
5 86 0
5 87 0
5 88 1
5 89 0
5 90 1
5 91 1
5 92 0
5 93 1
5 94 0
5 95 1
5 96 0
5 97 1
5 98 0
5 99 0
6 0 0
6 1 0
6 2 1
6 3 1
6 4 1
6 5 0
6 6 0
6 7 1
6 8 1
6 9 0
6 10 0
6 11 1
6 12 1
6 13 0
6 14 0
6 15 0
6 16 0
6 17 1
6 18 0
6 19 0
6 20 0
6 21 0
6 22 1
6 23 1
6 24 0
6 25 0
6 26 0
6 27 0
6 28 1
6 29 1
6 30 1
6 31 0
6 32 0
6 33 1
6 34 1
6 35 1
6 36 0
6 37 1
6 38 1
6 39 0
6 40 1
6 41 1
6 42 0
6 43 1
6 44 0
6 45 0
6 46 0
6 47 0
6 48 0
6 49 0
6 50 0
6 51 0
6 52 0
6 53 0
6 54 0
6 55 1
6 56 1
6 57 1
6 58 1
6 59 1
6 60 1
6 61 1
6 62 1
6 63 0
6 64 1
6 65 0
6 66 0
6 67 1
6 68 0
6 69 1
6 70 1
6 71 1
6 72 0
6 73 1
6 74 0
6 75 1
6 76 0
6 77 0
6 78 1
6 79 1
6 80 1
6 81 1
6 82 1
6 83 0
6 84 0
6 85 1
6 86 1
6 87 0
6 88 0
6 89 0
6 90 0
6 91 1
6 92 1
6 93 1
6 94 0
6 95 1
6 96 0
6 97 1
6 98 1
6 99 0
7 0 0
7 1 0
7 2 0
7 3 1
7 4 1
7 5 1
7 6 1
7 7 0
7 8 1
7 9 0
7 10 0
7 11 1
7 12 1
7 13 1
7 14 0
7 15 1
7 16 1
7 17 1
7 18 1
7 19 1
7 20 1
7 21 0
7 22 1
7 23 0
7 24 0
7 25 0
7 26 0
7 27 1
7 28 1
7 29 0
7 30 0
7 31 1
7 32 1
7 33 0
7 34 0
7 35 1
7 36 1
7 37 1
7 38 0
7 39 0
7 40 0
7 41 1
7 42 1
7 43 1
7 44 0
7 45 1
7 46 0
7 47 0
7 48 0
7 49 0
7 50 1
7 51 1
7 52 0
7 53 0
7 54 1
7 55 1
7 56 0
7 57 1
7 58 0
7 59 1
7 60 0
7 61 0
7 62 1
7 63 0
7 64 0
7 65 1
7 66 1
7 67 1
7 68 0
7 69 0
7 70 1
7 71 0
7 72 1
7 73 0
7 74 0
7 75 0
7 76 1
7 77 0
7 78 0
7 79 0
7 80 1
7 81 0
7 82 0
7 83 1
7 84 1
7 85 1
7 86 1
7 87 1
7 88 1
7 89 0
7 90 1
7 91 0
7 92 0
7 93 1
7 94 1
7 95 1
7 96 0
7 97 0
7 98 1
7 99 0
8 0 0
8 1 0
8 2 0
8 3 0
8 4 1
8 5 0
8 6 0
8 7 0
8 8 0
8 9 0
8 10 0
8 11 0
8 12 0
8 13 1
8 14 0
8 15 0
8 16 0
8 17 1
8 18 0
8 19 1
8 20 0
8 21 0
8 22 0
8 23 0
8 24 0
8 25 1
8 26 1
8 27 1
8 28 1
8 29 1
8 30 0
8 31 0
8 32 1
8 33 1
8 34 1
8 35 0
8 36 0
8 37 1
8 38 1
8 39 0
8 40 1
8 41 0
8 42 1
8 43 0
8 44 0
8 45 1
8 46 0
8 47 1
8 48 1
8 49 1
8 50 1
8 51 1
8 52 0
8 53 1
8 54 0
8 55 1
8 56 1
8 57 0
8 58 1
8 59 1
8 60 1
8 61 0
8 62 1
8 63 1
8 64 1
8 65 1
8 66 1
8 67 1
8 68 1
8 69 0
8 70 1
8 71 1
8 72 0
8 73 0
8 74 1
8 75 1
8 76 0
8 77 0
8 78 0
8 79 1
8 80 1
8 81 1
8 82 0
8 83 0
8 84 1
8 85 1
8 86 1
8 87 0
8 88 0
8 89 0
8 90 0
8 91 0
8 92 1
8 93 0
8 94 0
8 95 0
8 96 0
8 97 0
8 98 0
8 99 1
9 0 1
9 1 1
9 2 0
9 3 0
9 4 1
9 5 0
9 6 1
9 7 1
9 8 1
9 9 0
9 10 0
9 11 1
9 12 0
9 13 0
9 14 0
9 15 1
9 16 0
9 17 0
9 18 0
9 19 1
9 20 1
9 21 1
9 22 0
9 23 0
9 24 1
9 25 1
9 26 0
9 27 1
9 28 1
9 29 0
9 30 1
9 31 0
9 32 1
9 33 1
9 34 0
9 35 0
9 36 0
9 37 0
9 38 1
9 39 1
9 40 0
9 41 0
9 42 0
9 43 0
9 44 0
9 45 1
9 46 0
9 47 0
9 48 1
9 49 1
9 50 1
9 51 0
9 52 1
9 53 1
9 54 1
9 55 0
9 56 0
9 57 0
9 58 1
9 59 1
9 60 1
9 61 1
9 62 1
9 63 0
9 64 0
9 65 0
9 66 0
9 67 1
9 68 1
9 69 0
9 70 1
9 71 1
9 72 0
9 73 1
9 74 0
9 75 1
9 76 0
9 77 0
9 78 1
9 79 0
9 80 0
9 81 1
9 82 1
9 83 1
9 84 0
9 85 1
9 86 1
9 87 1
9 88 0
9 89 1
9 90 0
9 91 0
9 92 1
9 93 0
9 94 0
9 95 0
9 96 1
9 97 1
9 98 1
9 99 1
10 0 1
10 1 1
10 2 0
10 3 0
10 4 0
10 5 1
10 6 0
10 7 0
10 8 1
10 9 0
10 10 0
10 11 0
10 12 1
10 13 0
10 14 0
10 15 0
10 16 1
10 17 1
10 18 0
10 19 0
10 20 1
10 21 0
10 22 0
10 23 1
10 24 1
10 25 1
10 26 1
10 27 0
10 28 1
10 29 1
10 30 1
10 31 1
10 32 0
10 33 0
10 34 1
10 35 0
10 36 1
10 37 1
10 38 1
10 39 1
10 40 1
10 41 1
10 42 0
10 43 1
10 44 1
10 45 1
10 46 1
10 47 0
10 48 0
10 49 1
10 50 0
10 51 1
10 52 0
10 53 0
10 54 0
10 55 0
10 56 0
10 57 0
10 58 1
10 59 0
10 60 1
10 61 1
10 62 1
10 63 1
10 64 1
10 65 1
10 66 0
10 67 0
10 68 0
10 69 0
10 70 1
10 71 0
10 72 0
10 73 0
10 74 0
10 75 1
10 76 1
10 77 1
10 78 1
10 79 0
10 80 0
10 81 1
10 82 1
10 83 1
10 84 1
10 85 1
10 86 0
10 87 0
10 88 0
10 89 0
10 90 1
10 91 1
10 92 0
10 93 0
10 94 1
10 95 1
10 96 1
10 97 0
10 98 1
10 99 1
11 0 0
11 1 0
11 2 1
11 3 1
11 4 1
11 5 0
11 6 1
11 7 1
11 8 0
11 9 1
11 10 0
11 11 0
11 12 1
11 13 0
11 14 1
11 15 0
11 16 0
11 17 0
11 18 1
11 19 1
11 20 0
11 21 1
11 22 1
11 23 1
11 24 0
11 25 1
11 26 0
11 27 1
11 28 1
11 29 1
11 30 0
11 31 0
11 32 1
11 33 1
11 34 0
11 35 1
11 36 1
11 37 1
11 38 0
11 39 0
11 40 1
11 41 0
11 42 1
11 43 1
11 44 1
11 45 0
11 46 0
11 47 0
11 48 0
11 49 1
11 50 0
11 51 1
11 52 1
11 53 0
11 54 0
11 55 0
11 56 0
11 57 0
11 58 0
11 59 0
11 60 1
11 61 0
11 62 0
11 63 0
11 64 1
11 65 1
11 66 0
11 67 0
11 68 0
11 69 1
11 70 1
11 71 0
11 72 1
11 73 1
11 74 1
11 75 0
11 76 0
11 77 0
11 78 1
11 79 0
11 80 1
11 81 0
11 82 0
11 83 1
11 84 1
11 85 0
11 86 0
11 87 0
11 88 1
11 89 0
11 90 1
11 91 1
11 92 1
11 93 1
11 94 1
11 95 1
11 96 0
11 97 1
11 98 1
11 99 0
12 0 1
12 1 1
12 2 0
12 3 1
12 4 0
12 5 1
12 6 1
12 7 1
12 8 0
12 9 0
12 10 0
12 11 1
12 12 0
12 13 1
12 14 1
12 15 1
12 16 0
12 17 1
12 18 0
12 19 0
12 20 1
12 21 0
12 22 1
12 23 1
12 24 0
12 25 1
12 26 0
12 27 1
12 28 1
12 29 0
12 30 0
12 31 1
12 32 1
12 33 1
12 34 0
12 35 0
12 36 1
12 37 1
12 38 1
12 39 1
12 40 0
12 41 0
12 42 1
12 43 0
12 44 1
12 45 0
12 46 1
12 47 0
12 48 1
12 49 1
12 50 1
12 51 0
12 52 1
12 53 1
12 54 0
12 55 0
12 56 0
12 57 1
12 58 0
12 59 0
12 60 0
12 61 1
12 62 0
12 63 0
12 64 1
12 65 1
12 66 0
12 67 1
12 68 1
12 69 0
12 70 0
12 71 1
12 72 1
12 73 1
12 74 0
12 75 0
12 76 0
12 77 1
12 78 0
12 79 1
12 80 0
12 81 1
12 82 0
12 83 0
12 84 1
12 85 0
12 86 0
12 87 0
12 88 0
12 89 0
12 90 0
12 91 0
12 92 1
12 93 0
12 94 0
12 95 0
12 96 0
12 97 0
12 98 0
12 99 1
13 0 0
13 1 0
13 2 0
13 3 1
13 4 1
13 5 1
13 6 0
13 7 1
13 8 0
13 9 0
13 10 0
13 11 0
13 12 1
13 13 0
13 14 0
13 15 1
13 16 0
13 17 1
13 18 1
13 19 1
13 20 0
13 21 1
13 22 0
13 23 0
13 24 0
13 25 0
13 26 0
13 27 1
13 28 0
13 29 1
13 30 0
13 31 1
13 32 0
13 33 1
13 34 1
13 35 0
13 36 0
13 37 1
13 38 0
13 39 1
13 40 0
13 41 0
13 42 1
13 43 1
13 44 1
13 45 0
13 46 0
13 47 1
13 48 1
13 49 0
13 50 1
13 51 0
13 52 1
13 53 1
13 54 0
13 55 0
13 56 1
13 57 1
13 58 1
13 59 0
13 60 1
13 61 1
13 62 1
13 63 1
13 64 1
13 65 1
13 66 0
13 67 1
13 68 1
13 69 1
13 70 1
13 71 1
13 72 0
13 73 0
13 74 0
13 75 0
13 76 1
13 77 0
13 78 1
13 79 0
13 80 0
13 81 0
13 82 1
13 83 0
13 84 1
13 85 0
13 86 0
13 87 1
13 88 0
13 89 0
13 90 0
13 91 1
13 92 1
13 93 0
13 94 0
13 95 1
13 96 0
13 97 1
13 98 0
13 99 0
14 0 1
14 1 1
14 2 0
14 3 1
14 4 1
14 5 0
14 6 1
14 7 1
14 8 0
14 9 0
14 10 0
14 11 1
14 12 1
14 13 1
14 14 0
14 15 1
14 16 0
14 17 0
14 18 1
14 19 1
14 20 0
14 21 0
14 22 1
14 23 0
14 24 0
14 25 1
14 26 0
14 27 0
14 28 1
14 29 1
14 30 1
14 31 0
14 32 1
14 33 1
14 34 0
14 35 1
14 36 0
14 37 1
14 38 1
14 39 0
14 40 0
14 41 1
14 42 0
14 43 0
14 44 1
14 45 1
14 46 0
14 47 0
14 48 1
14 49 0
14 50 0
14 51 0
14 52 0
14 53 0
14 54 1
14 55 0
14 56 1
14 57 1
14 58 1
14 59 1
14 60 1
14 61 0
14 62 0
14 63 1
14 64 1
14 65 0
14 66 1
14 67 0
14 68 1
14 69 0
14 70 1
14 71 0
14 72 1
14 73 0
14 74 0
14 75 1
14 76 0
14 77 1
14 78 0
14 79 0
14 80 1
14 81 0
14 82 0
14 83 0
14 84 0
14 85 1
14 86 1
14 87 0
14 88 0
14 89 1
14 90 1
14 91 0
14 92 0
14 93 1
14 94 1
14 95 1
14 96 0
14 97 1
14 98 1
14 99 0
15 0 0
15 1 1
15 2 0
15 3 0
15 4 1
15 5 0
15 6 1
15 7 1
15 8 0
15 9 0
15 10 0
15 11 0
15 12 0
15 13 1
15 14 0
15 15 0
15 16 0
15 17 0
15 18 1
15 19 1
15 20 1
15 21 1
15 22 0
15 23 0
15 24 1
15 25 0
15 26 0
15 27 0
15 28 0
15 29 1
15 30 0
15 31 1
15 32 1
15 33 0
15 34 0
15 35 0
15 36 0
15 37 1
15 38 1
15 39 1
15 40 0
15 41 0
15 42 0
15 43 0
15 44 0
15 45 1
15 46 0
15 47 0
15 48 1
15 49 1
15 50 0
15 51 1
15 52 1
15 53 0
15 54 1
15 55 0
15 56 1
15 57 0
15 58 1
15 59 0
15 60 1
15 61 1
15 62 0
15 63 0
15 64 1
15 65 1
15 66 1
15 67 1
15 68 0
15 69 1
15 70 0
15 71 1
15 72 0
15 73 1
15 74 0
15 75 1
15 76 0
15 77 0
15 78 0
15 79 0
15 80 1
15 81 1
15 82 1
15 83 0
15 84 0
15 85 0
15 86 1
15 87 1
15 88 0
15 89 1
15 90 0
15 91 0
15 92 1
15 93 0
15 94 0
15 95 1
15 96 0
15 97 0
15 98 0
15 99 0
16 0 0
16 1 0
16 2 1
16 3 0
16 4 1
16 5 1
16 6 0
16 7 0
16 8 1
16 9 1
16 10 0
16 11 1
16 12 1
16 13 1
16 14 1
16 15 1
16 16 0
16 17 1
16 18 1
16 19 1
16 20 0
16 21 0
16 22 1
16 23 0
16 24 0
16 25 1
16 26 1
16 27 0
16 28 0
16 29 1
16 30 0
16 31 1
16 32 0
16 33 1
16 34 1
16 35 1
16 36 1
16 37 0
16 38 0
16 39 0
16 40 1
16 41 0
16 42 1
16 43 1
16 44 1
16 45 1
16 46 0
16 47 1
16 48 1
16 49 0
16 50 0
16 51 0
16 52 1
16 53 0
16 54 0
16 55 0
16 56 0
16 57 0
16 58 0
16 59 0
16 60 0
16 61 0
16 62 0
16 63 0
16 64 1
16 65 0
16 66 0
16 67 1
16 68 0
16 69 0
16 70 0
16 71 0
16 72 1
16 73 0
16 74 0
16 75 1
16 76 1
16 77 0
16 78 0
16 79 0
16 80 1
16 81 0
16 82 1
16 83 0
16 84 0
16 85 0
16 86 1
16 87 0
16 88 1
16 89 1
16 90 1
16 91 1
16 92 1
16 93 0
16 94 0
16 95 1
16 96 1
16 97 0
16 98 1
16 99 1
17 0 1
17 1 0
17 2 0
17 3 1
17 4 1
17 5 0
17 6 1
17 7 0
17 8 0
17 9 0
17 10 0
17 11 1
17 12 0
17 13 1
17 14 0
17 15 0
17 16 0
17 17 0
17 18 0
17 19 1
17 20 0
17 21 0
17 22 1
17 23 0
17 24 1
17 25 1
17 26 0
17 27 1
17 28 1
17 29 1
17 30 0
17 31 1
17 32 1
17 33 0
17 34 0
17 35 1
17 36 1
17 37 1
17 38 1
17 39 0
17 40 0
17 41 0
17 42 1
17 43 0
17 44 0
17 45 1
17 46 1
17 47 0
17 48 0
17 49 1
17 50 1
17 51 0
17 52 1
17 53 1
17 54 1
17 55 0
17 56 1
17 57 0
17 58 0
17 59 1
17 60 0
17 61 1
17 62 1
17 63 1
17 64 0
17 65 0
17 66 1
17 67 0
17 68 0
17 69 1
17 70 1
17 71 0
17 72 1
17 73 0
17 74 0
17 75 0
17 76 1
17 77 1
17 78 0
17 79 1
17 80 0
17 81 0
17 82 0
17 83 1
17 84 0
17 85 1
17 86 0
17 87 1
17 88 1
17 89 0
17 90 0
17 91 0
17 92 0
17 93 1
17 94 0
17 95 0
17 96 1
17 97 0
17 98 1
17 99 1
18 0 0
18 1 0
18 2 0
18 3 1
18 4 0
18 5 1
18 6 1
18 7 0
18 8 1
18 9 0
18 10 0
18 11 0
18 12 0
18 13 1
18 14 0
18 15 0
18 16 0
18 17 1
18 18 0
18 19 0
18 20 0
18 21 1
18 22 1
18 23 1
18 24 0
18 25 0
18 26 0
18 27 1
18 28 1
18 29 0
18 30 1
18 31 0
18 32 1
18 33 1
18 34 0
18 35 0
18 36 0
18 37 0
18 38 1
18 39 0
18 40 0
18 41 1
18 42 1
18 43 0
18 44 1
18 45 0
18 46 0
18 47 0
18 48 0
18 49 1
18 50 1
18 51 1
18 52 0
18 53 1
18 54 0
18 55 1
18 56 0
18 57 1
18 58 0
18 59 1
18 60 1
18 61 0
18 62 1
18 63 1
18 64 0
18 65 1
18 66 1
18 67 0
18 68 0
18 69 0
18 70 1
18 71 1
18 72 1
18 73 0
18 74 1
18 75 0
18 76 1
18 77 0
18 78 0
18 79 1
18 80 0
18 81 0
18 82 1
18 83 0
18 84 1
18 85 1
18 86 1
18 87 1
18 88 1
18 89 1
18 90 1
18 91 0
18 92 0
18 93 0
18 94 1
18 95 0
18 96 0
18 97 1
18 98 1
18 99 0
19 0 1
19 1 0
19 2 1
19 3 0
19 4 1
19 5 0
19 6 1
19 7 1
19 8 0
19 9 1
19 10 0
19 11 1
19 12 0
19 13 1
19 14 0
19 15 0
19 16 1
19 17 1
19 18 1
19 19 0
19 20 1
19 21 1
19 22 1
19 23 1
19 24 0
19 25 0
19 26 1
19 27 1
19 28 0
19 29 1
19 30 1
19 31 0
19 32 0
19 33 1
19 34 1
19 35 0
19 36 0
19 37 1
19 38 0
19 39 1
19 40 0
19 41 1
19 42 1
19 43 1
19 44 0
19 45 0
19 46 1
19 47 0
19 48 0
19 49 0
19 50 0
19 51 1
19 52 1
19 53 0
19 54 1
19 55 0
19 56 0
19 57 1
19 58 1
19 59 0
19 60 0
19 61 1
19 62 1
19 63 0
19 64 1
19 65 1
19 66 1
19 67 1
19 68 0
19 69 1
19 70 0
19 71 0
19 72 1
19 73 1
19 74 0
19 75 1
19 76 1
19 77 1
19 78 0
19 79 0
19 80 1
19 81 1
19 82 1
19 83 1
19 84 1
19 85 0
19 86 0
19 87 0
19 88 0
19 89 1
19 90 0
19 91 1
19 92 1
19 93 1
19 94 0
19 95 1
19 96 1
19 97 0
19 98 0
19 99 0
20 0 0
20 1 1
20 2 0
20 3 0
20 4 1
20 5 0
20 6 0
20 7 0
20 8 1
20 9 1
20 10 0
20 11 0
20 12 1
20 13 1
20 14 1
20 15 0
20 16 1
20 17 1
20 18 0
20 19 0
20 20 0
20 21 1
20 22 0
20 23 1
20 24 1
20 25 0
20 26 1
20 27 1
20 28 1
20 29 0
20 30 0
20 31 1
20 32 0
20 33 1
20 34 0
20 35 1
20 36 1
20 37 0
20 38 0
20 39 1
20 40 1
20 41 1
20 42 0
20 43 1
20 44 0
20 45 1
20 46 1
20 47 0
20 48 0
20 49 1
20 50 1
20 51 0
20 52 1
20 53 0
20 54 0
20 55 0
20 56 0
20 57 0
20 58 1
20 59 1
20 60 1
20 61 0
20 62 0
20 63 1
20 64 1
20 65 0
20 66 0
20 67 1
20 68 0
20 69 1
20 70 1
20 71 0
20 72 1
20 73 1
20 74 1
20 75 1
20 76 1
20 77 0
20 78 1
20 79 0
20 80 1
20 81 1
20 82 0
20 83 0
20 84 0
20 85 1
20 86 1
20 87 0
20 88 0
20 89 0
20 90 0
20 91 1
20 92 0
20 93 0
20 94 1
20 95 1
20 96 1
20 97 0
20 98 1
20 99 1
21 0 0
21 1 1
21 2 1
21 3 1
21 4 0
21 5 1
21 6 0
21 7 0
21 8 0
21 9 0
21 10 1
21 11 0
21 12 0
21 13 0
21 14 1
21 15 0
21 16 1
21 17 1
21 18 1
21 19 1
21 20 0
21 21 0
21 22 0
21 23 0
21 24 1
21 25 1
21 26 0
21 27 1
21 28 1
21 29 0
21 30 1
21 31 0
21 32 1
21 33 1
21 34 0
21 35 1
21 36 0
21 37 0
21 38 0
21 39 0
21 40 1
21 41 1
21 42 0
21 43 0
21 44 0
21 45 0
21 46 0
21 47 1
21 48 1
21 49 0
21 50 1
21 51 0
21 52 0
21 53 1
21 54 1
21 55 1
21 56 0
21 57 0
21 58 1
21 59 0
21 60 1
21 61 1
21 62 0
21 63 1
21 64 1
21 65 1
21 66 0
21 67 0
21 68 0
21 69 0
21 70 1
21 71 0
21 72 0
21 73 0
21 74 0
21 75 0
21 76 1
21 77 0
21 78 0
21 79 0
21 80 0
21 81 0
21 82 1
21 83 0
21 84 1
21 85 1
21 86 0
21 87 0
21 88 0
21 89 0
21 90 1
21 91 0
21 92 1
21 93 1
21 94 0
21 95 0
21 96 1
21 97 0
21 98 1
21 99 1
22 0 1
22 1 1
22 2 1
22 3 1
22 4 0
22 5 1
22 6 0
22 7 0
22 8 0
22 9 0
22 10 1
22 11 1
22 12 1
22 13 0
22 14 0
22 15 0
22 16 0
22 17 1
22 18 0
22 19 0
22 20 0
22 21 1
22 22 0
22 23 0
22 24 1
22 25 0
22 26 0
22 27 0
22 28 0
22 29 0
22 30 1
22 31 0
22 32 1
22 33 0
22 34 0
22 35 0
22 36 0
22 37 0
22 38 0
22 39 1
22 40 1
22 41 0
22 42 0
22 43 1
22 44 0
22 45 1
22 46 1
22 47 0
22 48 0
22 49 1
22 50 1
22 51 1
22 52 1
22 53 0
22 54 0
22 55 0
22 56 1
22 57 1
22 58 0
22 59 1
22 60 1
22 61 1
22 62 0
22 63 1
22 64 0
22 65 0
22 66 1
22 67 0
22 68 0
22 69 0
22 70 0
22 71 0
22 72 1
22 73 0
22 74 1
22 75 1
22 76 1
22 77 0
22 78 1
22 79 1
22 80 0
22 81 1
22 82 1
22 83 0
22 84 0
22 85 0
22 86 1
22 87 0
22 88 1
22 89 1
22 90 0
22 91 0
22 92 1
22 93 0
22 94 1
22 95 0
22 96 1
22 97 1
22 98 1
22 99 1
23 0 0
23 1 1
23 2 0
23 3 0
23 4 0
23 5 1
23 6 0
23 7 1
23 8 0
23 9 1
23 10 0
23 11 1
23 12 0
23 13 1
23 14 1
23 15 0
23 16 0
23 17 0
23 18 1
23 19 1
23 20 0
23 21 1
23 22 1
23 23 0
23 24 0
23 25 1
23 26 1
23 27 0
23 28 0
23 29 1
23 30 1
23 31 0
23 32 1
23 33 1
23 34 1
23 35 0
23 36 1
23 37 1
23 38 1
23 39 1
23 40 1
23 41 1
23 42 1
23 43 0
23 44 1
23 45 0
23 46 0
23 47 1
23 48 0
23 49 1
23 50 0
23 51 0
23 52 0
23 53 1
23 54 0
23 55 0
23 56 0
23 57 0
23 58 1
23 59 1
23 60 0
23 61 1
23 62 0
23 63 1
23 64 0
23 65 1
23 66 1
23 67 1
23 68 1
23 69 0
23 70 0
23 71 0
23 72 0
23 73 0
23 74 0
23 75 0
23 76 1
23 77 0
23 78 0
23 79 1
23 80 1
23 81 1
23 82 0
23 83 1
23 84 0
23 85 1
23 86 1
23 87 0
23 88 1
23 89 1
23 90 0
23 91 0
23 92 1
23 93 0
23 94 0
23 95 1
23 96 1
23 97 0
23 98 1
23 99 0
24 0 0
24 1 0
24 2 1
24 3 1
24 4 1
24 5 1
24 6 0
24 7 0
24 8 1
24 9 1
24 10 1
24 11 1
24 12 0
24 13 1
24 14 1
24 15 1
24 16 0
24 17 1
24 18 0
24 19 1
24 20 0
24 21 1
24 22 0
24 23 1
24 24 0
24 25 1
24 26 0
24 27 0
24 28 0
24 29 0
24 30 0
24 31 1
24 32 0
24 33 0
24 34 0
24 35 1
24 36 0
24 37 0
24 38 1
24 39 1
24 40 1
24 41 0
24 42 1
24 43 1
24 44 1
24 45 1
24 46 1
24 47 1
24 48 0
24 49 1
24 50 0
24 51 0
24 52 0
24 53 1
24 54 1
24 55 0
24 56 1
24 57 1
24 58 1
24 59 0
24 60 1
24 61 0
24 62 0
24 63 1
24 64 0
24 65 1
24 66 1
24 67 1
24 68 1
24 69 1
24 70 1
24 71 1
24 72 0
24 73 0
24 74 0
24 75 0
24 76 0
24 77 1
24 78 0
24 79 0
24 80 1
24 81 0
24 82 1
24 83 1
24 84 1
24 85 1
24 86 0
24 87 0
24 88 0
24 89 0
24 90 0
24 91 1
24 92 0
24 93 0
24 94 0
24 95 1
24 96 1
24 97 0
24 98 1
24 99 0
25 0 0
25 1 0
25 2 1
25 3 0
25 4 0
25 5 1
25 6 0
25 7 1
25 8 1
25 9 0
25 10 1
25 11 0
25 12 1
25 13 1
25 14 1
25 15 1
25 16 1
25 17 0
25 18 1
25 19 1
25 20 1
25 21 0
25 22 0
25 23 1
25 24 1
25 25 0
25 26 1
25 27 0
25 28 0
25 29 1
25 30 1
25 31 0
25 32 0
25 33 1
25 34 0
25 35 1
25 36 0
25 37 1
25 38 0
25 39 1
25 40 0
25 41 1
25 42 1
25 43 1
25 44 1
25 45 1
25 46 0
25 47 1
25 48 0
25 49 0
25 50 1
25 51 0
25 52 0
25 53 1
25 54 0
25 55 1
25 56 1
25 57 0
25 58 0
25 59 1
25 60 1
25 61 0
25 62 0
25 63 0
25 64 0
25 65 1
25 66 1
25 67 0
25 68 0
25 69 1
25 70 1
25 71 1
25 72 1
25 73 0
25 74 0
25 75 0
25 76 1
25 77 1
25 78 0
25 79 0
25 80 0
25 81 0
25 82 1
25 83 1
25 84 0
25 85 0
25 86 0
25 87 0
25 88 0
25 89 1
25 90 0
25 91 0
25 92 0
25 93 1
25 94 1
25 95 1
25 96 1
25 97 1
25 98 0
25 99 0
26 0 1
26 1 0
26 2 1
26 3 1
26 4 1
26 5 0
26 6 0
26 7 0
26 8 0
26 9 1
26 10 0
26 11 1
26 12 0
26 13 0
26 14 0
26 15 1
26 16 1
26 17 0
26 18 1
26 19 0
26 20 0
26 21 0
26 22 0
26 23 1
26 24 0
26 25 0
26 26 0
26 27 1
26 28 1
26 29 1
26 30 1
26 31 1
26 32 0
26 33 0
26 34 0
26 35 0
26 36 1
26 37 0
26 38 1
26 39 1
26 40 0
26 41 1
26 42 0
26 43 0
26 44 0
26 45 1
26 46 0
26 47 0
26 48 0
26 49 0
26 50 0
26 51 0
26 52 0
26 53 1
26 54 1
26 55 1
26 56 1
26 57 1
26 58 1
26 59 0
26 60 0
26 61 1
26 62 1
26 63 1
26 64 1
26 65 1
26 66 0
26 67 0
26 68 0
26 69 0
26 70 0
26 71 0
26 72 1
26 73 1
26 74 0
26 75 0
26 76 1
26 77 0
26 78 0
26 79 0
26 80 0
26 81 0
26 82 0
26 83 0
26 84 1
26 85 1
26 86 1
26 87 0
26 88 1
26 89 1
26 90 0
26 91 0
26 92 1
26 93 1
26 94 0
26 95 0
26 96 0
26 97 1
26 98 0
26 99 0
27 0 0
27 1 0
27 2 1
27 3 0
27 4 0
27 5 1
27 6 1
27 7 1
27 8 1
27 9 0
27 10 1
27 11 1
27 12 1
27 13 1
27 14 1
27 15 0
27 16 0
27 17 0
27 18 0
27 19 1
27 20 0
27 21 1
27 22 1
27 23 0
27 24 1
27 25 0
27 26 1
27 27 0
27 28 0
27 29 1
27 30 1
27 31 0
27 32 0
27 33 0
27 34 1
27 35 0
27 36 1
27 37 1
27 38 1
27 39 0
27 40 1
27 41 1
27 42 1
27 43 1
27 44 0
27 45 0
27 46 0
27 47 0
27 48 1
27 49 0
27 50 1
27 51 0
27 52 0
27 53 1
27 54 0
27 55 1
27 56 1
27 57 0
27 58 1
27 59 0
27 60 1
27 61 0
27 62 0
27 63 1
27 64 0
27 65 0
27 66 0
27 67 1
27 68 1
27 69 0
27 70 1
27 71 1
27 72 1
27 73 1
27 74 1
27 75 1
27 76 0
27 77 0
27 78 1
27 79 1
27 80 0
27 81 1
27 82 1
27 83 1
27 84 0
27 85 0
27 86 1
27 87 1
27 88 1
27 89 0
27 90 0
27 91 1
27 92 1
27 93 1
27 94 1
27 95 1
27 96 0
27 97 1
27 98 0
27 99 0
28 0 1
28 1 1
28 2 1
28 3 0
28 4 1
28 5 0
28 6 0
28 7 0
28 8 0
28 9 0
28 10 1
28 11 0
28 12 1
28 13 0
28 14 0
28 15 1
28 16 0
28 17 1
28 18 1
28 19 0
28 20 0
28 21 0
28 22 0
28 23 1
28 24 0
28 25 0
28 26 0
28 27 0
28 28 0
28 29 0
28 30 0
28 31 1
28 32 0
28 33 0
28 34 1
28 35 0
28 36 0
28 37 1
28 38 0
28 39 0
28 40 0
28 41 1
28 42 0
28 43 1
28 44 0
28 45 0
28 46 1
28 47 0
28 48 1
28 49 0
28 50 1
28 51 1
28 52 1
28 53 1
28 54 0
28 55 1
28 56 0
28 57 1
28 58 0
28 59 0
28 60 1
28 61 0
28 62 0
28 63 0
28 64 1
28 65 1
28 66 0
28 67 1
28 68 1
28 69 0
28 70 1
28 71 0
28 72 0
28 73 1
28 74 0
28 75 0
28 76 1
28 77 0
28 78 1
28 79 1
28 80 1
28 81 1
28 82 0
28 83 0
28 84 0
28 85 1
28 86 1
28 87 0
28 88 1
28 89 0
28 90 0
28 91 1
28 92 0
28 93 0
28 94 0
28 95 1
28 96 1
28 97 0
28 98 1
28 99 0
29 0 1
29 1 1
29 2 1
29 3 0
29 4 1
29 5 0
29 6 0
29 7 0
29 8 0
29 9 0
29 10 1
29 11 1
29 12 0
29 13 1
29 14 0
29 15 1
29 16 1
29 17 0
29 18 0
29 19 1
29 20 1
29 21 1
29 22 0
29 23 1
29 24 1
29 25 0
29 26 1
29 27 0
29 28 1
29 29 0
29 30 0
29 31 1
29 32 0
29 33 1
29 34 0
29 35 1
29 36 0
29 37 1
29 38 1
29 39 0
29 40 1
29 41 1
29 42 1
29 43 0
29 44 0
29 45 0
29 46 1
29 47 0
29 48 0
29 49 0
29 50 1
29 51 1
29 52 0
29 53 1
29 54 0
29 55 0
29 56 1
29 57 0
29 58 0
29 59 1
29 60 0
29 61 1
29 62 0
29 63 1
29 64 0
29 65 0
29 66 1
29 67 1
29 68 1
29 69 1
29 70 0
29 71 0
29 72 0
29 73 0
29 74 0
29 75 0
29 76 1
29 77 1
29 78 1
29 79 1
29 80 1
29 81 0
29 82 1
29 83 1
29 84 0
29 85 0
29 86 0
29 87 1
29 88 1
29 89 0
29 90 0
29 91 0
29 92 0
29 93 1
29 94 1
29 95 1
29 96 1
29 97 1
29 98 0
29 99 0
30 0 1
30 1 0
30 2 1
30 3 1
30 4 0
30 5 1
30 6 0
30 7 1
30 8 0
30 9 1
30 10 0
30 11 1
30 12 0
30 13 0
30 14 1
30 15 1
30 16 1
30 17 0
30 18 0
30 19 1
30 20 1
30 21 0
30 22 1
30 23 0
30 24 1
30 25 1
30 26 1
30 27 0
30 28 1
30 29 0
30 30 0
30 31 0
30 32 0
30 33 0
30 34 1
30 35 1
30 36 1
30 37 0
30 38 1
30 39 1
30 40 0
30 41 0
30 42 1
30 43 1
30 44 0
30 45 0
30 46 0
30 47 0
30 48 0
30 49 1
30 50 0
30 51 1
30 52 0
30 53 0
30 54 1
30 55 1
30 56 1
30 57 1
30 58 1
30 59 1
30 60 0
30 61 0
30 62 1
30 63 0
30 64 1
30 65 1
30 66 1
30 67 0
30 68 1
30 69 1
30 70 1
30 71 0
30 72 1
30 73 0
30 74 1
30 75 0
30 76 1
30 77 0
30 78 1
30 79 0
30 80 1
30 81 1
30 82 0
30 83 1
30 84 0
30 85 1
30 86 1
30 87 1
30 88 0
30 89 1
30 90 1
30 91 0
30 92 1
30 93 1
30 94 0
30 95 1
30 96 1
30 97 0
30 98 1
30 99 0
31 0 0
31 1 0
31 2 1
31 3 0
31 4 1
31 5 1
31 6 1
31 7 1
31 8 0
31 9 0
31 10 0
31 11 1
31 12 0
31 13 0
31 14 1
31 15 1
31 16 1
31 17 1
31 18 0
31 19 0
31 20 0
31 21 0
31 22 0
31 23 0
31 24 0
31 25 0
31 26 0
31 27 0
31 28 0
31 29 1
31 30 0
31 31 0
31 32 1
31 33 1
31 34 0
31 35 1
31 36 0
31 37 1
31 38 0
31 39 0
31 40 0
31 41 0
31 42 1
31 43 1
31 44 1
31 45 0
31 46 0
31 47 1
31 48 1
31 49 1
31 50 1
31 51 0
31 52 1
31 53 1
31 54 1
31 55 0
31 56 0
31 57 0
31 58 1
31 59 0
31 60 0
31 61 0
31 62 1
31 63 0
31 64 0
31 65 0
31 66 1
31 67 0
31 68 1
31 69 0
31 70 0
31 71 1
31 72 0
31 73 1
31 74 1
31 75 0
31 76 0
31 77 0
31 78 0
31 79 1
31 80 1
31 81 0
31 82 0
31 83 1
31 84 0
31 85 1
31 86 1
31 87 0
31 88 1
31 89 1
31 90 1
31 91 1
31 92 1
31 93 0
31 94 1
31 95 1
31 96 0
31 97 1
31 98 0
31 99 0
32 0 1
32 1 0
32 2 0
32 3 1
32 4 0
32 5 1
32 6 1
32 7 1
32 8 1
32 9 0
32 10 0
32 11 1
32 12 1
32 13 1
32 14 1
32 15 0
32 16 0
32 17 1
32 18 1
32 19 0
32 20 1
32 21 0
32 22 0
32 23 0
32 24 0
32 25 1
32 26 1
32 27 1
32 28 0
32 29 1
32 30 1
32 31 0
32 32 0
32 33 1
32 34 0
32 35 0
32 36 0
32 37 1
32 38 0
32 39 1
32 40 1
32 41 0
32 42 1
32 43 0
32 44 0
32 45 0
32 46 0
32 47 1
32 48 1
32 49 0
32 50 0
32 51 1
32 52 1
32 53 0
32 54 0
32 55 1
32 56 1
32 57 0
32 58 1
32 59 1
32 60 0
32 61 1
32 62 1
32 63 1
32 64 0
32 65 0
32 66 1
32 67 0
32 68 0
32 69 1
32 70 0
32 71 1
32 72 0
32 73 1
32 74 0
32 75 0
32 76 0
32 77 0
32 78 0
32 79 1
32 80 1
32 81 1
32 82 0
32 83 0
32 84 0
32 85 1
32 86 1
32 87 0
32 88 1
32 89 0
32 90 1
32 91 1
32 92 1
32 93 0
32 94 1
32 95 0
32 96 1
32 97 0
32 98 1
32 99 0
33 0 1
33 1 0
33 2 1
33 3 0
33 4 0
33 5 0
33 6 1
33 7 1
33 8 0
33 9 1
33 10 1
33 11 0
33 12 0
33 13 1
33 14 1
33 15 1
33 16 1
33 17 0
33 18 0
33 19 1
33 20 1
33 21 1
33 22 1
33 23 0
33 24 0
33 25 0
33 26 0
33 27 1
33 28 1
33 29 0
33 30 0
33 31 0
33 32 0
33 33 0
33 34 0
33 35 1
33 36 0
33 37 1
33 38 1
33 39 0
33 40 1
33 41 1
33 42 1
33 43 0
33 44 0
33 45 0
33 46 1
33 47 1
33 48 1
33 49 0
33 50 0
33 51 1
33 52 0
33 53 1
33 54 0
33 55 1
33 56 0
33 57 1
33 58 0
33 59 1
33 60 0
33 61 1
33 62 0
33 63 0
33 64 0
33 65 1
33 66 1
33 67 1
33 68 1
33 69 0
33 70 1
33 71 1
33 72 0
33 73 1
33 74 0
33 75 0
33 76 1
33 77 0
33 78 1
33 79 0
33 80 0
33 81 1
33 82 1
33 83 1
33 84 0
33 85 1
33 86 1
33 87 0
33 88 1
33 89 0
33 90 0
33 91 0
33 92 1
33 93 0
33 94 1
33 95 1
33 96 1
33 97 1
33 98 1
33 99 0
34 0 0
34 1 0
34 2 0
34 3 1
34 4 1
34 5 0
34 6 1
34 7 0
34 8 1
34 9 0
34 10 0
34 11 1
34 12 1
34 13 1
34 14 1
34 15 0
34 16 0
34 17 0
34 18 0
34 19 0
34 20 0
34 21 0
34 22 0
34 23 1
34 24 0
34 25 0
34 26 1
34 27 1
34 28 0
34 29 1
34 30 1
34 31 0
34 32 0
34 33 1
34 34 0
34 35 1
34 36 0
34 37 1
34 38 1
34 39 1
34 40 0
34 41 1
34 42 0
34 43 0
34 44 1
34 45 1
34 46 0
34 47 0
34 48 0
34 49 1
34 50 1
34 51 0
34 52 0
34 53 0
34 54 0
34 55 0
34 56 1
34 57 1
34 58 0
34 59 0
34 60 1
34 61 1
34 62 1
34 63 0
34 64 0
34 65 1
34 66 0
34 67 0
34 68 0
34 69 1
34 70 0
34 71 1
34 72 1
34 73 0
34 74 0
34 75 1
34 76 1
34 77 1
34 78 0
34 79 0
34 80 1
34 81 0
34 82 1
34 83 0
34 84 0
34 85 0
34 86 1
34 87 0
34 88 0
34 89 1
34 90 0
34 91 1
34 92 1
34 93 1
34 94 0
34 95 0
34 96 0
34 97 1
34 98 1
34 99 1
35 0 0
35 1 1
35 2 1
35 3 1
35 4 1
35 5 0
35 6 1
35 7 1
35 8 0
35 9 0
35 10 0
35 11 0
35 12 1
35 13 1
35 14 1
35 15 1
35 16 0
35 17 1
35 18 1
35 19 1
35 20 0
35 21 1
35 22 0
35 23 1
35 24 1
35 25 1
35 26 0
35 27 0
35 28 1
35 29 1
35 30 0
35 31 0
35 32 0
35 33 1
35 34 0
35 35 0
35 36 1
35 37 0
35 38 1
35 39 0
35 40 0
35 41 0
35 42 0
35 43 1
35 44 0
35 45 1
35 46 0
35 47 1
35 48 1
35 49 0
35 50 0
35 51 0
35 52 0
35 53 1
35 54 1
35 55 0
35 56 1
35 57 1
35 58 1
35 59 1
35 60 0
35 61 0
35 62 0
35 63 1
35 64 0
35 65 1
35 66 0
35 67 0
35 68 1
35 69 0
35 70 1
35 71 0
35 72 1
35 73 0
35 74 1
35 75 1
35 76 0
35 77 0
35 78 1
35 79 1
35 80 0
35 81 0
35 82 0
35 83 0
35 84 0
35 85 0
35 86 0
35 87 1
35 88 0
35 89 1
35 90 0
35 91 1
35 92 0
35 93 1
35 94 1
35 95 1
35 96 1
35 97 0
35 98 0
35 99 0
36 0 0
36 1 1
36 2 1
36 3 0
36 4 1
36 5 0
36 6 0
36 7 1
36 8 1
36 9 1
36 10 1
36 11 0
36 12 1
36 13 1
36 14 1
36 15 1
36 16 1
36 17 1
36 18 0
36 19 0
36 20 0
36 21 0
36 22 0
36 23 0
36 24 1
36 25 1
36 26 1
36 27 1
36 28 0
36 29 0
36 30 1
36 31 1
36 32 0
36 33 1
36 34 0
36 35 0
36 36 0
36 37 1
36 38 1
36 39 1
36 40 0
36 41 0
36 42 0
36 43 0
36 44 0
36 45 0
36 46 0
36 47 0
36 48 0
36 49 1
36 50 0
36 51 0
36 52 0
36 53 0
36 54 1
36 55 0
36 56 1
36 57 0
36 58 0
36 59 0
36 60 1
36 61 1
36 62 1
36 63 0
36 64 0
36 65 1
36 66 1
36 67 0
36 68 1
36 69 0
36 70 1
36 71 0
36 72 1
36 73 1
36 74 1
36 75 0
36 76 0
36 77 1
36 78 1
36 79 1
36 80 1
36 81 0
36 82 1
36 83 1
36 84 0
36 85 1
36 86 1
36 87 0
36 88 1
36 89 1
36 90 0
36 91 1
36 92 1
36 93 0
36 94 0
36 95 1
36 96 0
36 97 0
36 98 0
36 99 0
37 0 0
37 1 1
37 2 0
37 3 1
37 4 0
37 5 1
37 6 0
37 7 0
37 8 0
37 9 1
37 10 1
37 11 0
37 12 1
37 13 1
37 14 0
37 15 1
37 16 0
37 17 1
37 18 1
37 19 1
37 20 1
37 21 0
37 22 1
37 23 1
37 24 0
37 25 0
37 26 0
37 27 1
37 28 0
37 29 0
37 30 0
37 31 1
37 32 1
37 33 1
37 34 1
37 35 1
37 36 1
37 37 0
37 38 1
37 39 1
37 40 0
37 41 0
37 42 0
37 43 0
37 44 0
37 45 0
37 46 1
37 47 1
37 48 0
37 49 1
37 50 0
37 51 0
37 52 0
37 53 1
37 54 0
37 55 0
37 56 1
37 57 0
37 58 0
37 59 0
37 60 0
37 61 1
37 62 1
37 63 0
37 64 1
37 65 1
37 66 1
37 67 0
37 68 1
37 69 1
37 70 0
37 71 1
37 72 1
37 73 0
37 74 1
37 75 1
37 76 0
37 77 0
37 78 0
37 79 0
37 80 1
37 81 1
37 82 1
37 83 0
37 84 0
37 85 0
37 86 0
37 87 1
37 88 0
37 89 1
37 90 0
37 91 0
37 92 1
37 93 0
37 94 1
37 95 0
37 96 0
37 97 0
37 98 1
37 99 1
38 0 0
38 1 0
38 2 1
38 3 0
38 4 1
38 5 0
38 6 0
38 7 0
38 8 1
38 9 1
38 10 1
38 11 1
38 12 1
38 13 1
38 14 1
38 15 1
38 16 0
38 17 1
38 18 1
38 19 0
38 20 1
38 21 1
38 22 1
38 23 1
38 24 0
38 25 1
38 26 0
38 27 0
38 28 1
38 29 1
38 30 1
38 31 1
38 32 1
38 33 0
38 34 1
38 35 0
38 36 1
38 37 0
38 38 0
38 39 0
38 40 1
38 41 0
38 42 1
38 43 1
38 44 1
38 45 1
38 46 0
38 47 1
38 48 0
38 49 0
38 50 1
38 51 0
38 52 1
38 53 1
38 54 1
38 55 1
38 56 0
38 57 1
38 58 0
38 59 1
38 60 1
38 61 0
38 62 0
38 63 1
38 64 1
38 65 0
38 66 1
38 67 0
38 68 1
38 69 0
38 70 0
38 71 0
38 72 0
38 73 0
38 74 0
38 75 1
38 76 0
38 77 0
38 78 0
38 79 1
38 80 0
38 81 0
38 82 0
38 83 1
38 84 0
38 85 1
38 86 1
38 87 1
38 88 0
38 89 1
38 90 0
38 91 1
38 92 1
38 93 1
38 94 0
38 95 0
38 96 1
38 97 0
38 98 1
38 99 1
39 0 0
39 1 1
39 2 0
39 3 1
39 4 1
39 5 0
39 6 0
39 7 0
39 8 0
39 9 1
39 10 0
39 11 1
39 12 1
39 13 0
39 14 1
39 15 1
39 16 0
39 17 1
39 18 0
39 19 1
39 20 0
39 21 0
39 22 1
39 23 1
39 24 1
39 25 1
39 26 0
39 27 0
39 28 0
39 29 0
39 30 0
39 31 1
39 32 0
39 33 0
39 34 0
39 35 1
39 36 1
39 37 1
39 38 0
39 39 0
39 40 0
39 41 0
39 42 0
39 43 0
39 44 1
39 45 0
39 46 0
39 47 1
39 48 0
39 49 1
39 50 0
39 51 0
39 52 1
39 53 0
39 54 1
39 55 0
39 56 0
39 57 0
39 58 1
39 59 0
39 60 1
39 61 0
39 62 0
39 63 0
39 64 1
39 65 0
39 66 1
39 67 1
39 68 0
39 69 0
39 70 0
39 71 0
39 72 0
39 73 1
39 74 1
39 75 1
39 76 0
39 77 1
39 78 0
39 79 1
39 80 1
39 81 0
39 82 1
39 83 1
39 84 1
39 85 0
39 86 1
39 87 0
39 88 1
39 89 1
39 90 1
39 91 0
39 92 1
39 93 0
39 94 0
39 95 1
39 96 0
39 97 1
39 98 0
39 99 0
40 0 1
40 1 1
40 2 1
40 3 1
40 4 0
40 5 1
40 6 0
40 7 0
40 8 0
40 9 0
40 10 1
40 11 1
40 12 0
40 13 1
40 14 1
40 15 1
40 16 0
40 17 0
40 18 1
40 19 0
40 20 1
40 21 1
40 22 1
40 23 0
40 24 1
40 25 1
40 26 0
40 27 0
40 28 0
40 29 1
40 30 0
40 31 0
40 32 0
40 33 1
40 34 0
40 35 1
40 36 1
40 37 1
40 38 0
40 39 0
40 40 0
40 41 0
40 42 1
40 43 1
40 44 0
40 45 0
40 46 0
40 47 0
40 48 0
40 49 1
40 50 1
40 51 0
40 52 1
40 53 0
40 54 0
40 55 0
40 56 1
40 57 1
40 58 1
40 59 1
40 60 0
40 61 0
40 62 1
40 63 1
40 64 0
40 65 0
40 66 1
40 67 0
40 68 1
40 69 0
40 70 1
40 71 1
40 72 1
40 73 0
40 74 1
40 75 1
40 76 0
40 77 0
40 78 1
40 79 1
40 80 1
40 81 1
40 82 1
40 83 0
40 84 1
40 85 1
40 86 1
40 87 0
40 88 0
40 89 0
40 90 1
40 91 1
40 92 0
40 93 0
40 94 1
40 95 0
40 96 1
40 97 1
40 98 0
40 99 1
41 0 1
41 1 1
41 2 0
41 3 0
41 4 1
41 5 1
41 6 1
41 7 0
41 8 1
41 9 0
41 10 1
41 11 0
41 12 1
41 13 0
41 14 0
41 15 1
41 16 0
41 17 1
41 18 1
41 19 0
41 20 0
41 21 1
41 22 1
41 23 1
41 24 0
41 25 0
41 26 0
41 27 0
41 28 0
41 29 0
41 30 0
41 31 0
41 32 0
41 33 1
41 34 1
41 35 1
41 36 0
41 37 0
41 38 0
41 39 1
41 40 0
41 41 0
41 42 1
41 43 1
41 44 0
41 45 1
41 46 0
41 47 1
41 48 0
41 49 1
41 50 1
41 51 0
41 52 1
41 53 1
41 54 0
41 55 1
41 56 0
41 57 0
41 58 0
41 59 1
41 60 0
41 61 0
41 62 1
41 63 0
41 64 0
41 65 1
41 66 0
41 67 1
41 68 1
41 69 1
41 70 0
41 71 0
41 72 1
41 73 0
41 74 0
41 75 1
41 76 0
41 77 1
41 78 0
41 79 0
41 80 0
41 81 0
41 82 0
41 83 1
41 84 0
41 85 1
41 86 1
41 87 0
41 88 1
41 89 1
41 90 1
41 91 0
41 92 0
41 93 1
41 94 0
41 95 0
41 96 1
41 97 1
41 98 0
41 99 0
42 0 0
42 1 0
42 2 1
42 3 1
42 4 1
42 5 1
42 6 1
42 7 1
42 8 0
42 9 0
42 10 1
42 11 0
42 12 1
42 13 0
42 14 1
42 15 1
42 16 1
42 17 1
42 18 0
42 19 0
42 20 1
42 21 1
42 22 0
42 23 1
42 24 1
42 25 1
42 26 1
42 27 0
42 28 0
42 29 1
42 30 1
42 31 1
42 32 1
42 33 1
42 34 0
42 35 0
42 36 0
42 37 1
42 38 0
42 39 1
42 40 1
42 41 0
42 42 0
42 43 1
42 44 0
42 45 1
42 46 0
42 47 1
42 48 0
42 49 1
42 50 0
42 51 1
42 52 0
42 53 1
42 54 1
42 55 0
42 56 1
42 57 1
42 58 1
42 59 1
42 60 1
42 61 1
42 62 0
42 63 1
42 64 0
42 65 1
42 66 0
42 67 1
42 68 0
42 69 0
42 70 0
42 71 0
42 72 1
42 73 1
42 74 0
42 75 0
42 76 1
42 77 0
42 78 0
42 79 0
42 80 0
42 81 0
42 82 1
42 83 1
42 84 1
42 85 1
42 86 1
42 87 0
42 88 1
42 89 0
42 90 0
42 91 1
42 92 1
42 93 1
42 94 1
42 95 0
42 96 1
42 97 1
42 98 0
42 99 1
43 0 0
43 1 1
43 2 1
43 3 1
43 4 1
43 5 1
43 6 1
43 7 0
43 8 0
43 9 1
43 10 0
43 11 0
43 12 1
43 13 0
43 14 0
43 15 1
43 16 1
43 17 1
43 18 0
43 19 1
43 20 1
43 21 0
43 22 0
43 23 0
43 24 1
43 25 1
43 26 0
43 27 1
43 28 1
43 29 1
43 30 0
43 31 0
43 32 0
43 33 0
43 34 1
43 35 0
43 36 1
43 37 0
43 38 1
43 39 1
43 40 0
43 41 1
43 42 0
43 43 0
43 44 1
43 45 1
43 46 0
43 47 0
43 48 1
43 49 1
43 50 1
43 51 0
43 52 0
43 53 1
43 54 1
43 55 0
43 56 0
43 57 0
43 58 1
43 59 0
43 60 0
43 61 1
43 62 1
43 63 0
43 64 0
43 65 1
43 66 1
43 67 0
43 68 1
43 69 1
43 70 0
43 71 1
43 72 1
43 73 1
43 74 0
43 75 1
43 76 0
43 77 1
43 78 0
43 79 0
43 80 1
43 81 0
43 82 1
43 83 1
43 84 0
43 85 1
43 86 0
43 87 0
43 88 0
43 89 1
43 90 1
43 91 0
43 92 1
43 93 0
43 94 1
43 95 1
43 96 1
43 97 0
43 98 1
43 99 1
44 0 0
44 1 0
44 2 0
44 3 0
44 4 0
44 5 0
44 6 1
44 7 0
44 8 0
44 9 1
44 10 0
44 11 1
44 12 1
44 13 1
44 14 1
44 15 1
44 16 1
44 17 0
44 18 1
44 19 1
44 20 1
44 21 1
44 22 1
44 23 1
44 24 1
44 25 0
44 26 0
44 27 1
44 28 0
44 29 1
44 30 0
44 31 1
44 32 0
44 33 0
44 34 1
44 35 0
44 36 1
44 37 1
44 38 1
44 39 1
44 40 1
44 41 0
44 42 0
44 43 0
44 44 0
44 45 0
44 46 0
44 47 1
44 48 0
44 49 1
44 50 1
44 51 1
44 52 0
44 53 0
44 54 0
44 55 0
44 56 1
44 57 0
44 58 0
44 59 0
44 60 0
44 61 0
44 62 0
44 63 1
44 64 0
44 65 1
44 66 1
44 67 1
44 68 0
44 69 0
44 70 1
44 71 1
44 72 0
44 73 1
44 74 0
44 75 1
44 76 0
44 77 0
44 78 0
44 79 0
44 80 0
44 81 0
44 82 1
44 83 1
44 84 0
44 85 0
44 86 1
44 87 0
44 88 1
44 89 0
44 90 0
44 91 0
44 92 1
44 93 0
44 94 0
44 95 1
44 96 1
44 97 1
44 98 0
44 99 0
45 0 1
45 1 1
45 2 0
45 3 1
45 4 1
45 5 0
45 6 1
45 7 1
45 8 1
45 9 0
45 10 0
45 11 1
45 12 0
45 13 1
45 14 1
45 15 1
45 16 1
45 17 0
45 18 1
45 19 0
45 20 0
45 21 1
45 22 0
45 23 0
45 24 1
45 25 0
45 26 0
45 27 0
45 28 0
45 29 1
45 30 0
45 31 1
45 32 0
45 33 0
45 34 0
45 35 0
45 36 1
45 37 1
45 38 0
45 39 0
45 40 0
45 41 0
45 42 1
45 43 0
45 44 1
45 45 0
45 46 1
45 47 1
45 48 1
45 49 1
45 50 0
45 51 1
45 52 1
45 53 1
45 54 0
45 55 0
45 56 1
45 57 1
45 58 0
45 59 0
45 60 0
45 61 0
45 62 1
45 63 1
45 64 1
45 65 0
45 66 0
45 67 0
45 68 1
45 69 0
45 70 0
45 71 0
45 72 1
45 73 0
45 74 0
45 75 0
45 76 1
45 77 1
45 78 1
45 79 0
45 80 1
45 81 1
45 82 0
45 83 1
45 84 0
45 85 0
45 86 1
45 87 0
45 88 1
45 89 1
45 90 0
45 91 0
45 92 1
45 93 0
45 94 0
45 95 0
45 96 0
45 97 1
45 98 1
45 99 0
46 0 0
46 1 0
46 2 0
46 3 0
46 4 0
46 5 1
46 6 0
46 7 1
46 8 0
46 9 0
46 10 1
46 11 1
46 12 0
46 13 0
46 14 1
46 15 0
46 16 0
46 17 1
46 18 0
46 19 0
46 20 0
46 21 0
46 22 1
46 23 0
46 24 1
46 25 0
46 26 0
46 27 1
46 28 1
46 29 1
46 30 0
46 31 1
46 32 0
46 33 1
46 34 0
46 35 1
46 36 0
46 37 0
46 38 1
46 39 0
46 40 1
46 41 0
46 42 0
46 43 1
46 44 0
46 45 1
46 46 0
46 47 0
46 48 0
46 49 1
46 50 0
46 51 1
46 52 0
46 53 1
46 54 1
46 55 1
46 56 1
46 57 0
46 58 0
46 59 1
46 60 1
46 61 1
46 62 1
46 63 0
46 64 1
46 65 1
46 66 1
46 67 1
46 68 0
46 69 0
46 70 0
46 71 0
46 72 0
46 73 0
46 74 0
46 75 0
46 76 0
46 77 1
46 78 0
46 79 1
46 80 1
46 81 0
46 82 1
46 83 0
46 84 0
46 85 1
46 86 0
46 87 0
46 88 1
46 89 1
46 90 0
46 91 0
46 92 1
46 93 1
46 94 0
46 95 0
46 96 1
46 97 1
46 98 0
46 99 0
47 0 0
47 1 0
47 2 1
47 3 0
47 4 0
47 5 1
47 6 0
47 7 0
47 8 1
47 9 1
47 10 0
47 11 1
47 12 0
47 13 0
47 14 1
47 15 0
47 16 0
47 17 1
47 18 0
47 19 0
47 20 1
47 21 1
47 22 0
47 23 1
47 24 0
47 25 1
47 26 1
47 27 0
47 28 1
47 29 1
47 30 1
47 31 0
47 32 0
47 33 1
47 34 1
47 35 1
47 36 0
47 37 0
47 38 0
47 39 1
47 40 0
47 41 0
47 42 0
47 43 0
47 44 1
47 45 0
47 46 1
47 47 0
47 48 1
47 49 1
47 50 1
47 51 0
47 52 0
47 53 1
47 54 0
47 55 0
47 56 0
47 57 0
47 58 1
47 59 1
47 60 1
47 61 1
47 62 0
47 63 0
47 64 1
47 65 0
47 66 0
47 67 1
47 68 0
47 69 0
47 70 0
47 71 1
47 72 0
47 73 1
47 74 1
47 75 0
47 76 1
47 77 0
47 78 0
47 79 1
47 80 0
47 81 1
47 82 1
47 83 1
47 84 1
47 85 0
47 86 0
47 87 0
47 88 1
47 89 1
47 90 1
47 91 1
47 92 0
47 93 0
47 94 0
47 95 0
47 96 1
47 97 1
47 98 1
47 99 1
48 0 1
48 1 0
48 2 0
48 3 1
48 4 1
48 5 0
48 6 1
48 7 1
48 8 0
48 9 1
48 10 0
48 11 1
48 12 0
48 13 0
48 14 1
48 15 0
48 16 0
48 17 0
48 18 1
48 19 1
48 20 0
48 21 0
48 22 0
48 23 1
48 24 0
48 25 0
48 26 0
48 27 0
48 28 1
48 29 1
48 30 1
48 31 0
48 32 0
48 33 0
48 34 1
48 35 0
48 36 1
48 37 1
48 38 0
48 39 1
48 40 1
48 41 1
48 42 1
48 43 1
48 44 0
48 45 1
48 46 0
48 47 1
48 48 0
48 49 0
48 50 0
48 51 0
48 52 0
48 53 0
48 54 0
48 55 1
48 56 0
48 57 0
48 58 0
48 59 1
48 60 0
48 61 0
48 62 0
48 63 0
48 64 0
48 65 0
48 66 0
48 67 0
48 68 0
48 69 1
48 70 1
48 71 0
48 72 0
48 73 0
48 74 0
48 75 1
48 76 1
48 77 0
48 78 0
48 79 0
48 80 0
48 81 0
48 82 0
48 83 0
48 84 1
48 85 0
48 86 1
48 87 0
48 88 0
48 89 0
48 90 1
48 91 0
48 92 0
48 93 1
48 94 1
48 95 1
48 96 1
48 97 1
48 98 1
48 99 1
49 0 0
49 1 1
49 2 1
49 3 0
49 4 0
49 5 0
49 6 0
49 7 0
49 8 0
49 9 1
49 10 1
49 11 0
49 12 1
49 13 1
49 14 0
49 15 0
49 16 1
49 17 0
49 18 0
49 19 1
49 20 1
49 21 0
49 22 1
49 23 1
49 24 0
49 25 1
49 26 0
49 27 1
49 28 1
49 29 1
49 30 0
49 31 0
49 32 1
49 33 0
49 34 0
49 35 0
49 36 0
49 37 1
49 38 1
49 39 0
49 40 1
49 41 1
49 42 0
49 43 1
49 44 1
49 45 0
49 46 1
49 47 1
49 48 0
49 49 0
49 50 0
49 51 1
49 52 1
49 53 1
49 54 1
49 55 1
49 56 0
49 57 1
49 58 1
49 59 0
49 60 1
49 61 1
49 62 1
49 63 0
49 64 0
49 65 0
49 66 0
49 67 0
49 68 0
49 69 0
49 70 0
49 71 1
49 72 1
49 73 0
49 74 0
49 75 0
49 76 0
49 77 0
49 78 0
49 79 0
49 80 1
49 81 0
49 82 0
49 83 1
49 84 0
49 85 0
49 86 0
49 87 0
49 88 1
49 89 1
49 90 0
49 91 1
49 92 1
49 93 0
49 94 1
49 95 0
49 96 0
49 97 1
49 98 1
49 99 0
50 0 1
50 1 1
50 2 1
50 3 0
50 4 1
50 5 0
50 6 1
50 7 1
50 8 1
50 9 1
50 10 1
50 11 1
50 12 0
50 13 0
50 14 0
50 15 1
50 16 1
50 17 1
50 18 1
50 19 1
50 20 0
50 21 1
50 22 0
50 23 0
50 24 1
50 25 0
50 26 1
50 27 1
50 28 1
50 29 1
50 30 1
50 31 1
50 32 0
50 33 0
50 34 0
50 35 0
50 36 1
50 37 0
50 38 0
50 39 1
50 40 0
50 41 1
50 42 1
50 43 1
50 44 0
50 45 0
50 46 1
50 47 0
50 48 1
50 49 0
50 50 0
50 51 0
50 52 0
50 53 1
50 54 1
50 55 1
50 56 0
50 57 1
50 58 0
50 59 0
50 60 0
50 61 1
50 62 0
50 63 0
50 64 0
50 65 0
50 66 1
50 67 1
50 68 1
50 69 0
50 70 1
50 71 0
50 72 0
50 73 0
50 74 0
50 75 1
50 76 1
50 77 0
50 78 0
50 79 1
50 80 1
50 81 1
50 82 0
50 83 0
50 84 0
50 85 1
50 86 0
50 87 0
50 88 1
50 89 1
50 90 0
50 91 0
50 92 1
50 93 0
50 94 0
50 95 1
50 96 1
50 97 1
50 98 0
50 99 0
51 0 1
51 1 0
51 2 0
51 3 1
51 4 0
51 5 0
51 6 0
51 7 0
51 8 1
51 9 1
51 10 0
51 11 0
51 12 1
51 13 1
51 14 1
51 15 0
51 16 1
51 17 0
51 18 0
51 19 1
51 20 0
51 21 1
51 22 1
51 23 0
51 24 1
51 25 0
51 26 0
51 27 0
51 28 1
51 29 0
51 30 0
51 31 1
51 32 0
51 33 1
51 34 1
51 35 0
51 36 0
51 37 0
51 38 1
51 39 0
51 40 0
51 41 1
51 42 0
51 43 0
51 44 1
51 45 1
51 46 0
51 47 1
51 48 0
51 49 1
51 50 0
51 51 0
51 52 0
51 53 0
51 54 0
51 55 1
51 56 0
51 57 0
51 58 0
51 59 1
51 60 1
51 61 0
51 62 0
51 63 0
51 64 1
51 65 0
51 66 0
51 67 1
51 68 0
51 69 1
51 70 0
51 71 0
51 72 0
51 73 1
51 74 0
51 75 0
51 76 0
51 77 0
51 78 0
51 79 1
51 80 1
51 81 0
51 82 0
51 83 0
51 84 1
51 85 0
51 86 1
51 87 0
51 88 0
51 89 1
51 90 1
51 91 0
51 92 1
51 93 0
51 94 0
51 95 1
51 96 0
51 97 0
51 98 0
51 99 1
52 0 0
52 1 0
52 2 0
52 3 0
52 4 1
52 5 0
52 6 1
52 7 0
52 8 0
52 9 1
52 10 0
52 11 0
52 12 1
52 13 1
52 14 0
52 15 0
52 16 0
52 17 1
52 18 1
52 19 1
52 20 1
52 21 1
52 22 0
52 23 1
52 24 0
52 25 0
52 26 1
52 27 0
52 28 1
52 29 1
52 30 1
52 31 0
52 32 1
52 33 1
52 34 1
52 35 0
52 36 1
52 37 1
52 38 0
52 39 0
52 40 1
52 41 1
52 42 1
52 43 0
52 44 1
52 45 1
52 46 0
52 47 0
52 48 0
52 49 0
52 50 1
52 51 0
52 52 0
52 53 1
52 54 1
52 55 0
52 56 1
52 57 1
52 58 0
52 59 1
52 60 1
52 61 0
52 62 0
52 63 1
52 64 0
52 65 1
52 66 0
52 67 0
52 68 0
52 69 0
52 70 0
52 71 1
52 72 0
52 73 1
52 74 1
52 75 1
52 76 1
52 77 1
52 78 0
52 79 0
52 80 1
52 81 0
52 82 1
52 83 1
52 84 1
52 85 1
52 86 1
52 87 0
52 88 1
52 89 0
52 90 0
52 91 1
52 92 1
52 93 0
52 94 0
52 95 0
52 96 0
52 97 0
52 98 0
52 99 1
53 0 0
53 1 1
53 2 1
53 3 1
53 4 0
53 5 0
53 6 1
53 7 0
53 8 1
53 9 0
53 10 0
53 11 1
53 12 0
53 13 1
53 14 0
53 15 0
53 16 0
53 17 1
53 18 0
53 19 1
53 20 0
53 21 1
53 22 1
53 23 1
53 24 1
53 25 1
53 26 1
53 27 1
53 28 0
53 29 0
53 30 1
53 31 1
53 32 1
53 33 0
53 34 0
53 35 0
53 36 1
53 37 1
53 38 1
53 39 1
53 40 1
53 41 1
53 42 0
53 43 1
53 44 0
53 45 0
53 46 0
53 47 0
53 48 1
53 49 0
53 50 1
53 51 1
53 52 0
53 53 0
53 54 0
53 55 1
53 56 0
53 57 1
53 58 1
53 59 0
53 60 1
53 61 1
53 62 1
53 63 0
53 64 0
53 65 0
53 66 0
53 67 0
53 68 0
53 69 1
53 70 1
53 71 0
53 72 0
53 73 1
53 74 1
53 75 0
53 76 1
53 77 1
53 78 1
53 79 1
53 80 1
53 81 1
53 82 1
53 83 1
53 84 0
53 85 0
53 86 0
53 87 0
53 88 0
53 89 0
53 90 1
53 91 1
53 92 1
53 93 0
53 94 0
53 95 0
53 96 0
53 97 0
53 98 0
53 99 0
54 0 0
54 1 1
54 2 0
54 3 0
54 4 0
54 5 0
54 6 0
54 7 1
54 8 0
54 9 0
54 10 0
54 11 1
54 12 1
54 13 1
54 14 0
54 15 1
54 16 0
54 17 1
54 18 1
54 19 1
54 20 0
54 21 1
54 22 0
54 23 0
54 24 1
54 25 1
54 26 0
54 27 0
54 28 0
54 29 0
54 30 0
54 31 0
54 32 0
54 33 0
54 34 0
54 35 1
54 36 1
54 37 1
54 38 0
54 39 0
54 40 0
54 41 0
54 42 1
54 43 0
54 44 1
54 45 0
54 46 1
54 47 1
54 48 0
54 49 1
54 50 1
54 51 0
54 52 0
54 53 0
54 54 0
54 55 1
54 56 1
54 57 1
54 58 1
54 59 1
54 60 0
54 61 1
54 62 1
54 63 0
54 64 0
54 65 1
54 66 1
54 67 1
54 68 1
54 69 0
54 70 0
54 71 1
54 72 1
54 73 0
54 74 0
54 75 0
54 76 1
54 77 0
54 78 0
54 79 0
54 80 1
54 81 1
54 82 0
54 83 1
54 84 1
54 85 1
54 86 1
54 87 0
54 88 1
54 89 0
54 90 0
54 91 1
54 92 1
54 93 0
54 94 1
54 95 0
54 96 0
54 97 1
54 98 1
54 99 0
55 0 0
55 1 1
55 2 1
55 3 0
55 4 0
55 5 1
55 6 0
55 7 1
55 8 0
55 9 1
55 10 1
55 11 0
55 12 1
55 13 1
55 14 0
55 15 1
55 16 0
55 17 0
55 18 1
55 19 1
55 20 1
55 21 0
55 22 0
55 23 1
55 24 1
55 25 1
55 26 0
55 27 1
55 28 1
55 29 1
55 30 0
55 31 0
55 32 1
55 33 1
55 34 1
55 35 1
55 36 1
55 37 0
55 38 1
55 39 0
55 40 1
55 41 0
55 42 1
55 43 1
55 44 0
55 45 0
55 46 0
55 47 1
55 48 1
55 49 0
55 50 0
55 51 0
55 52 1
55 53 0
55 54 0
55 55 0
55 56 1
55 57 0
55 58 0
55 59 1
55 60 0
55 61 0
55 62 0
55 63 1
55 64 0
55 65 0
55 66 1
55 67 1
55 68 0
55 69 1
55 70 1
55 71 1
55 72 0
55 73 1
55 74 1
55 75 1
55 76 1
55 77 0
55 78 1
55 79 1
55 80 1
55 81 0
55 82 0
55 83 1
55 84 1
55 85 1
55 86 0
55 87 1
55 88 0
55 89 0
55 90 1
55 91 0
55 92 0
55 93 0
55 94 1
55 95 1
55 96 1
55 97 1
55 98 1
55 99 1
56 0 1
56 1 0
56 2 0
56 3 1
56 4 1
56 5 1
56 6 0
56 7 1
56 8 0
56 9 0
56 10 1
56 11 1
56 12 1
56 13 1
56 14 0
56 15 1
56 16 1
56 17 0
56 18 1
56 19 0
56 20 1
56 21 0
56 22 0
56 23 0
56 24 0
56 25 0
56 26 0
56 27 1
56 28 0
56 29 0
56 30 0
56 31 1
56 32 0
56 33 0
56 34 1
56 35 0
56 36 1
56 37 0
56 38 1
56 39 1
56 40 0
56 41 1
56 42 0
56 43 1
56 44 0
56 45 1
56 46 1
56 47 1
56 48 0
56 49 0
56 50 0
56 51 1
56 52 0
56 53 0
56 54 0
56 55 0
56 56 0
56 57 0
56 58 1
56 59 1
56 60 0
56 61 1
56 62 1
56 63 1
56 64 1
56 65 1
56 66 1
56 67 1
56 68 1
56 69 1
56 70 0
56 71 0
56 72 0
56 73 1
56 74 0
56 75 1
56 76 0
56 77 1
56 78 0
56 79 1
56 80 0
56 81 1
56 82 1
56 83 1
56 84 1
56 85 0
56 86 0
56 87 0
56 88 0
56 89 0
56 90 0
56 91 1
56 92 1
56 93 0
56 94 0
56 95 1
56 96 0
56 97 0
56 98 0
56 99 1
57 0 1
57 1 1
57 2 1
57 3 1
57 4 1
57 5 1
57 6 1
57 7 0
57 8 0
57 9 0
57 10 1
57 11 1
57 12 1
57 13 0
57 14 0
57 15 1
57 16 1
57 17 0
57 18 1
57 19 0
57 20 1
57 21 1
57 22 1
57 23 0
57 24 0
57 25 1
57 26 0
57 27 0
57 28 1
57 29 0
57 30 1
57 31 1
57 32 0
57 33 0
57 34 0
57 35 0
57 36 1
57 37 1
57 38 1
57 39 0
57 40 1
57 41 1
57 42 1
57 43 0
57 44 0
57 45 1
57 46 1
57 47 1
57 48 1
57 49 1
57 50 0
57 51 1
57 52 1
57 53 0
57 54 1
57 55 1
57 56 0
57 57 0
57 58 0
57 59 1
57 60 1
57 61 0
57 62 0
57 63 0
57 64 1
57 65 0
57 66 1
57 67 1
57 68 1
57 69 0
57 70 1
57 71 1
57 72 0
57 73 0
57 74 1
57 75 0
57 76 0
57 77 0
57 78 0
57 79 0
57 80 0
57 81 0
57 82 0
57 83 0
57 84 0
57 85 1
57 86 0
57 87 1
57 88 0
57 89 1
57 90 1
57 91 1
57 92 0
57 93 1
57 94 1
57 95 0
57 96 0
57 97 0
57 98 0
57 99 1
58 0 1
58 1 0
58 2 0
58 3 1
58 4 1
58 5 0
58 6 1
58 7 1
58 8 1
58 9 0
58 10 0
58 11 1
58 12 0
58 13 0
58 14 0
58 15 0
58 16 0
58 17 0
58 18 1
58 19 1
58 20 0
58 21 0
58 22 0
58 23 1
58 24 1
58 25 0
58 26 1
58 27 0
58 28 1
58 29 1
58 30 1
58 31 1
58 32 1
58 33 1
58 34 0
58 35 0
58 36 0
58 37 0
58 38 0
58 39 0
58 40 1
58 41 1
58 42 0
58 43 1
58 44 1
58 45 1
58 46 0
58 47 1
58 48 0
58 49 0
58 50 1
58 51 1
58 52 1
58 53 0
58 54 0
58 55 0
58 56 0
58 57 1
58 58 0
58 59 0
58 60 0
58 61 0
58 62 1
58 63 1
58 64 0
58 65 0
58 66 1
58 67 0
58 68 1
58 69 1
58 70 0
58 71 1
58 72 1
58 73 1
58 74 0
58 75 1
58 76 0
58 77 0
58 78 0
58 79 0
58 80 1
58 81 1
58 82 1
58 83 0
58 84 1
58 85 1
58 86 0
58 87 1
58 88 0
58 89 1
58 90 1
58 91 0
58 92 0
58 93 1
58 94 1
58 95 1
58 96 1
58 97 0
58 98 0
58 99 0
59 0 1
59 1 0
59 2 0
59 3 0
59 4 1
59 5 1
59 6 0
59 7 0
59 8 0
59 9 0
59 10 0
59 11 1
59 12 1
59 13 1
59 14 0
59 15 1
59 16 1
59 17 0
59 18 1
59 19 0
59 20 0
59 21 1
59 22 1
59 23 1
59 24 0
59 25 0
59 26 1
59 27 1
59 28 1
59 29 0
59 30 1
59 31 0
59 32 1
59 33 1
59 34 1
59 35 0
59 36 0
59 37 0
59 38 0
59 39 1
59 40 0
59 41 1
59 42 1
59 43 1
59 44 1
59 45 0
59 46 1
59 47 0
59 48 1
59 49 0
59 50 0
59 51 1
59 52 0
59 53 0
59 54 1
59 55 1
59 56 1
59 57 0
59 58 0
59 59 0
59 60 1
59 61 0
59 62 1
59 63 1
59 64 0
59 65 1
59 66 0
59 67 1
59 68 0
59 69 1
59 70 0
59 71 1
59 72 0
59 73 1
59 74 0
59 75 0
59 76 0
59 77 1
59 78 0
59 79 1
59 80 0
59 81 0
59 82 1
59 83 0
59 84 1
59 85 1
59 86 1
59 87 0
59 88 0
59 89 1
59 90 1
59 91 0
59 92 1
59 93 0
59 94 1
59 95 0
59 96 0
59 97 1
59 98 1
59 99 0
60 0 0
60 1 0
60 2 1
60 3 0
60 4 0
60 5 1
60 6 0
60 7 0
60 8 1
60 9 1
60 10 1
60 11 1
60 12 1
60 13 1
60 14 0
60 15 0
60 16 1
60 17 1
60 18 1
60 19 0
60 20 0
60 21 0
60 22 0
60 23 0
60 24 0
60 25 0
60 26 1
60 27 1
60 28 1
60 29 0
60 30 1
60 31 1
60 32 0
60 33 0
60 34 0
60 35 0
60 36 1
60 37 0
60 38 0
60 39 0
60 40 0
60 41 0
60 42 0
60 43 0
60 44 0
60 45 0
60 46 1
60 47 1
60 48 0
60 49 1
60 50 1
60 51 1
60 52 1
60 53 1
60 54 1
60 55 1
60 56 1
60 57 1
60 58 1
60 59 1
60 60 0
60 61 1
60 62 0
60 63 0
60 64 1
60 65 0
60 66 1
60 67 0
60 68 1
60 69 1
60 70 0
60 71 1
60 72 1
60 73 1
60 74 0
60 75 0
60 76 0
60 77 0
60 78 1
60 79 0
60 80 0
60 81 1
60 82 1
60 83 0
60 84 0
60 85 1
60 86 0
60 87 0
60 88 0
60 89 1
60 90 1
60 91 1
60 92 1
60 93 0
60 94 0
60 95 0
60 96 1
60 97 1
60 98 1
60 99 0
61 0 1
61 1 0
61 2 0
61 3 0
61 4 1
61 5 1
61 6 0
61 7 1
61 8 0
61 9 0
61 10 1
61 11 1
61 12 1
61 13 0
61 14 0
61 15 1
61 16 1
61 17 1
61 18 1
61 19 1
61 20 0
61 21 0
61 22 1
61 23 1
61 24 0
61 25 0
61 26 1
61 27 1
61 28 1
61 29 0
61 30 1
61 31 1
61 32 1
61 33 0
61 34 1
61 35 0
61 36 0
61 37 0
61 38 0
61 39 1
61 40 0
61 41 1
61 42 1
61 43 0
61 44 1
61 45 1
61 46 1
61 47 1
61 48 0
61 49 0
61 50 1
61 51 1
61 52 0
61 53 0
61 54 0
61 55 1
61 56 1
61 57 0
61 58 0
61 59 1
61 60 1
61 61 0
61 62 0
61 63 1
61 64 0
61 65 1
61 66 1
61 67 1
61 68 0
61 69 0
61 70 0
61 71 1
61 72 1
61 73 0
61 74 1
61 75 0
61 76 0
61 77 0
61 78 0
61 79 1
61 80 0
61 81 0
61 82 0
61 83 0
61 84 0
61 85 0
61 86 1
61 87 0
61 88 1
61 89 0
61 90 1
61 91 1
61 92 0
61 93 1
61 94 1
61 95 0
61 96 1
61 97 0
61 98 1
61 99 0
62 0 0
62 1 1
62 2 1
62 3 1
62 4 0
62 5 1
62 6 0
62 7 0
62 8 0
62 9 1
62 10 0
62 11 1
62 12 1
62 13 0
62 14 0
62 15 0
62 16 1
62 17 1
62 18 1
62 19 0
62 20 0
62 21 0
62 22 1
62 23 0
62 24 0
62 25 1
62 26 0
62 27 1
62 28 1
62 29 0
62 30 1
62 31 0
62 32 0
62 33 0
62 34 0
62 35 1
62 36 1
62 37 0
62 38 1
62 39 1
62 40 0
62 41 1
62 42 0
62 43 1
62 44 1
62 45 0
62 46 0
62 47 1
62 48 0
62 49 0
62 50 0
62 51 0
62 52 0
62 53 1
62 54 1
62 55 0
62 56 1
62 57 0
62 58 0
62 59 0
62 60 0
62 61 1
62 62 0
62 63 0
62 64 1
62 65 0
62 66 0
62 67 1
62 68 1
62 69 0
62 70 0
62 71 0
62 72 1
62 73 0
62 74 1
62 75 0
62 76 0
62 77 1
62 78 1
62 79 1
62 80 0
62 81 0
62 82 1
62 83 0
62 84 0
62 85 0
62 86 0
62 87 0
62 88 0
62 89 1
62 90 1
62 91 0
62 92 1
62 93 1
62 94 0
62 95 0
62 96 0
62 97 1
62 98 0
62 99 1
63 0 0
63 1 0
63 2 0
63 3 0
63 4 1
63 5 0
63 6 0
63 7 0
63 8 0
63 9 0
63 10 1
63 11 0
63 12 0
63 13 0
63 14 0
63 15 1
63 16 1
63 17 0
63 18 1
63 19 1
63 20 0
63 21 0
63 22 1
63 23 1
63 24 1
63 25 1
63 26 1
63 27 1
63 28 0
63 29 1
63 30 0
63 31 1
63 32 1
63 33 1
63 34 0
63 35 1
63 36 0
63 37 1
63 38 0
63 39 0
63 40 1
63 41 0
63 42 0
63 43 0
63 44 1
63 45 0
63 46 0
63 47 1
63 48 0
63 49 1
63 50 0
63 51 0
63 52 0
63 53 1
63 54 1
63 55 0
63 56 1
63 57 1
63 58 0
63 59 1
63 60 0
63 61 0
63 62 1
63 63 0
63 64 1
63 65 0
63 66 1
63 67 0
63 68 1
63 69 0
63 70 0
63 71 1
63 72 1
63 73 1
63 74 0
63 75 1
63 76 1
63 77 0
63 78 0
63 79 1
63 80 1
63 81 0
63 82 1
63 83 1
63 84 0
63 85 1
63 86 1
63 87 0
63 88 0
63 89 1
63 90 1
63 91 0
63 92 0
63 93 0
63 94 0
63 95 1
63 96 0
63 97 1
63 98 1
63 99 1
64 0 0
64 1 1
64 2 0
64 3 1
64 4 1
64 5 1
64 6 1
64 7 1
64 8 1
64 9 1
64 10 1
64 11 0
64 12 1
64 13 1
64 14 0
64 15 0
64 16 0
64 17 1
64 18 1
64 19 1
64 20 0
64 21 0
64 22 0
64 23 1
64 24 1
64 25 0
64 26 0
64 27 0
64 28 1
64 29 0
64 30 0
64 31 1
64 32 1
64 33 1
64 34 1
64 35 0
64 36 1
64 37 1
64 38 1
64 39 0
64 40 1
64 41 0
64 42 0
64 43 1
64 44 1
64 45 1
64 46 1
64 47 0
64 48 0
64 49 0
64 50 1
64 51 0
64 52 1
64 53 1
64 54 1
64 55 1
64 56 1
64 57 0
64 58 0
64 59 0
64 60 1
64 61 1
64 62 0
64 63 1
64 64 0
64 65 0
64 66 0
64 67 0
64 68 0
64 69 0
64 70 1
64 71 1
64 72 0
64 73 0
64 74 0
64 75 1
64 76 1
64 77 1
64 78 1
64 79 0
64 80 1
64 81 1
64 82 1
64 83 1
64 84 1
64 85 0
64 86 0
64 87 1
64 88 0
64 89 1
64 90 0
64 91 0
64 92 0
64 93 0
64 94 1
64 95 0
64 96 1
64 97 0
64 98 1
64 99 0
65 0 1
65 1 1
65 2 0
65 3 0
65 4 1
65 5 0
65 6 1
65 7 0
65 8 1
65 9 1
65 10 1
65 11 0
65 12 1
65 13 0
65 14 1
65 15 1
65 16 1
65 17 0
65 18 1
65 19 0
65 20 1
65 21 0
65 22 1
65 23 0
65 24 1
65 25 1
65 26 0
65 27 1
65 28 1
65 29 0
65 30 1
65 31 1
65 32 0
65 33 1
65 34 0
65 35 1
65 36 1
65 37 0
65 38 1
65 39 1
65 40 1
65 41 0
65 42 0
65 43 0
65 44 0
65 45 1
65 46 0
65 47 0
65 48 1
65 49 1
65 50 0
65 51 0
65 52 1
65 53 1
65 54 0
65 55 0
65 56 1
65 57 0
65 58 1
65 59 0
65 60 1
65 61 1
65 62 0
65 63 1
65 64 0
65 65 0
65 66 1
65 67 0
65 68 1
65 69 0
65 70 1
65 71 1
65 72 0
65 73 0
65 74 0
65 75 0
65 76 1
65 77 1
65 78 1
65 79 0
65 80 0
65 81 0
65 82 0
65 83 0
65 84 1
65 85 1
65 86 1
65 87 0
65 88 0
65 89 1
65 90 0
65 91 0
65 92 1
65 93 0
65 94 1
65 95 1
65 96 1
65 97 0
65 98 1
65 99 0
66 0 0
66 1 0
66 2 1
66 3 0
66 4 1
66 5 0
66 6 1
66 7 1
66 8 1
66 9 0
66 10 1
66 11 0
66 12 1
66 13 0
66 14 1
66 15 0
66 16 0
66 17 0
66 18 1
66 19 0
66 20 1
66 21 0
66 22 0
66 23 0
66 24 1
66 25 1
66 26 1
66 27 0
66 28 1
66 29 0
66 30 1
66 31 1
66 32 0
66 33 1
66 34 1
66 35 0
66 36 1
66 37 0
66 38 1
66 39 1
66 40 1
66 41 0
66 42 0
66 43 1
66 44 0
66 45 1
66 46 0
66 47 0
66 48 1
66 49 0
66 50 0
66 51 1
66 52 0
66 53 0
66 54 1
66 55 0
66 56 1
66 57 1
66 58 1
66 59 1
66 60 1
66 61 0
66 62 1
66 63 1
66 64 1
66 65 0
66 66 0
66 67 1
66 68 1
66 69 0
66 70 0
66 71 1
66 72 1
66 73 1
66 74 1
66 75 0
66 76 0
66 77 0
66 78 1
66 79 0
66 80 0
66 81 1
66 82 0
66 83 1
66 84 0
66 85 0
66 86 0
66 87 1
66 88 1
66 89 0
66 90 0
66 91 0
66 92 0
66 93 1
66 94 1
66 95 1
66 96 1
66 97 0
66 98 1
66 99 1
67 0 0
67 1 0
67 2 0
67 3 0
67 4 0
67 5 0
67 6 0
67 7 1
67 8 1
67 9 1
67 10 0
67 11 1
67 12 0
67 13 1
67 14 0
67 15 1
67 16 1
67 17 1
67 18 0
67 19 1
67 20 1
67 21 0
67 22 1
67 23 1
67 24 0
67 25 1
67 26 0
67 27 0
67 28 1
67 29 1
67 30 0
67 31 1
67 32 0
67 33 1
67 34 1
67 35 0
67 36 0
67 37 0
67 38 0
67 39 1
67 40 0
67 41 0
67 42 0
67 43 0
67 44 0
67 45 1
67 46 0
67 47 1
67 48 1
67 49 0
67 50 0
67 51 1
67 52 1
67 53 0
67 54 0
67 55 1
67 56 0
67 57 1
67 58 1
67 59 0
67 60 0
67 61 0
67 62 1
67 63 1
67 64 1
67 65 1
67 66 0
67 67 0
67 68 0
67 69 1
67 70 0
67 71 0
67 72 0
67 73 1
67 74 0
67 75 0
67 76 0
67 77 1
67 78 1
67 79 1
67 80 0
67 81 1
67 82 1
67 83 1
67 84 1
67 85 1
67 86 0
67 87 0
67 88 1
67 89 1
67 90 1
67 91 0
67 92 0
67 93 1
67 94 0
67 95 0
67 96 0
67 97 0
67 98 1
67 99 0
68 0 1
68 1 0
68 2 1
68 3 1
68 4 0
68 5 0
68 6 0
68 7 1
68 8 0
68 9 1
68 10 0
68 11 1
68 12 1
68 13 0
68 14 1
68 15 1
68 16 1
68 17 0
68 18 0
68 19 1
68 20 1
68 21 0
68 22 0
68 23 0
68 24 1
68 25 0
68 26 0
68 27 1
68 28 1
68 29 0
68 30 0
68 31 0
68 32 0
68 33 1
68 34 0
68 35 1
68 36 1
68 37 0
68 38 1
68 39 1
68 40 1
68 41 1
68 42 1
68 43 1
68 44 0
68 45 1
68 46 0
68 47 0
68 48 1
68 49 0
68 50 1
68 51 1
68 52 0
68 53 0
68 54 0
68 55 0
68 56 1
68 57 1
68 58 0
68 59 1
68 60 0
68 61 1
68 62 0
68 63 0
68 64 1
68 65 0
68 66 1
68 67 0
68 68 0
68 69 1
68 70 1
68 71 0
68 72 1
68 73 1
68 74 0
68 75 1
68 76 1
68 77 1
68 78 0
68 79 1
68 80 1
68 81 0
68 82 1
68 83 0
68 84 1
68 85 1
68 86 1
68 87 0
68 88 1
68 89 1
68 90 1
68 91 1
68 92 1
68 93 0
68 94 1
68 95 0
68 96 0
68 97 1
68 98 1
68 99 1
69 0 0
69 1 1
69 2 0
69 3 0
69 4 1
69 5 0
69 6 0
69 7 1
69 8 0
69 9 0
69 10 1
69 11 1
69 12 0
69 13 1
69 14 0
69 15 0
69 16 0
69 17 1
69 18 0
69 19 0
69 20 0
69 21 1
69 22 0
69 23 0
69 24 0
69 25 1
69 26 0
69 27 1
69 28 1
69 29 1
69 30 0
69 31 1
69 32 0
69 33 0
69 34 1
69 35 1
69 36 1
69 37 1
69 38 0
69 39 0
69 40 1
69 41 0
69 42 0
69 43 1
69 44 0
69 45 0
69 46 0
69 47 0
69 48 1
69 49 1
69 50 1
69 51 1
69 52 1
69 53 0
69 54 1
69 55 0
69 56 1
69 57 0
69 58 0
69 59 1
69 60 1
69 61 0
69 62 0
69 63 1
69 64 1
69 65 1
69 66 1
69 67 1
69 68 0
69 69 0
69 70 1
69 71 0
69 72 1
69 73 0
69 74 1
69 75 0
69 76 1
69 77 0
69 78 0
69 79 0
69 80 0
69 81 1
69 82 0
69 83 0
69 84 0
69 85 0
69 86 0
69 87 1
69 88 0
69 89 1
69 90 0
69 91 0
69 92 0
69 93 0
69 94 1
69 95 1
69 96 0
69 97 1
69 98 0
69 99 0
70 0 0
70 1 0
70 2 0
70 3 1
70 4 1
70 5 0
70 6 0
70 7 0
70 8 1
70 9 0
70 10 1
70 11 0
70 12 1
70 13 0
70 14 0
70 15 0
70 16 0
70 17 0
70 18 1
70 19 0
70 20 1
70 21 0
70 22 1
70 23 0
70 24 0
70 25 1
70 26 0
70 27 1
70 28 0
70 29 1
70 30 0
70 31 0
70 32 0
70 33 1
70 34 0
70 35 0
70 36 0
70 37 1
70 38 0
70 39 1
70 40 0
70 41 0
70 42 1
70 43 1
70 44 0
70 45 1
70 46 1
70 47 0
70 48 0
70 49 1
70 50 1
70 51 1
70 52 0
70 53 1
70 54 0
70 55 0
70 56 1
70 57 0
70 58 1
70 59 0
70 60 0
70 61 1
70 62 1
70 63 1
70 64 0
70 65 1
70 66 1
70 67 1
70 68 1
70 69 1
70 70 0
70 71 1
70 72 1
70 73 0
70 74 0
70 75 0
70 76 0
70 77 0
70 78 1
70 79 1
70 80 1
70 81 0
70 82 0
70 83 1
70 84 1
70 85 0
70 86 0
70 87 1
70 88 1
70 89 0
70 90 0
70 91 1
70 92 0
70 93 0
70 94 0
70 95 1
70 96 0
70 97 1
70 98 1
70 99 0
71 0 0
71 1 1
71 2 0
71 3 1
71 4 0
71 5 0
71 6 1
71 7 0
71 8 0
71 9 1
71 10 0
71 11 0
71 12 1
71 13 1
71 14 1
71 15 1
71 16 1
71 17 0
71 18 0
71 19 1
71 20 0
71 21 1
71 22 1
71 23 0
71 24 1
71 25 0
71 26 0
71 27 0
71 28 1
71 29 1
71 30 1
71 31 1
71 32 0
71 33 0
71 34 1
71 35 1
71 36 1
71 37 1
71 38 0
71 39 1
71 40 1
71 41 1
71 42 1
71 43 0
71 44 1
71 45 1
71 46 1
71 47 0
71 48 1
71 49 0
71 50 1
71 51 0
71 52 0
71 53 0
71 54 0
71 55 1
71 56 1
71 57 0
71 58 1
71 59 0
71 60 0
71 61 1
71 62 0
71 63 0
71 64 1
71 65 1
71 66 0
71 67 1
71 68 1
71 69 1
71 70 0
71 71 0
71 72 1
71 73 0
71 74 1
71 75 0
71 76 1
71 77 0
71 78 1
71 79 1
71 80 1
71 81 1
71 82 1
71 83 1
71 84 0
71 85 0
71 86 0
71 87 1
71 88 1
71 89 0
71 90 0
71 91 1
71 92 1
71 93 0
71 94 1
71 95 0
71 96 0
71 97 1
71 98 0
71 99 1
72 0 0
72 1 0
72 2 1
72 3 0
72 4 0
72 5 0
72 6 1
72 7 0
72 8 0
72 9 1
72 10 0
72 11 0
72 12 0
72 13 0
72 14 0
72 15 0
72 16 0
72 17 0
72 18 0
72 19 1
72 20 0
72 21 1
72 22 1
72 23 1
72 24 0
72 25 0
72 26 0
72 27 0
72 28 0
72 29 1
72 30 0
72 31 0
72 32 0
72 33 0
72 34 0
72 35 1
72 36 1
72 37 0
72 38 0
72 39 1
72 40 0
72 41 0
72 42 0
72 43 0
72 44 0
72 45 1
72 46 1
72 47 1
72 48 0
72 49 0
72 50 0
72 51 1
72 52 1
72 53 1
72 54 0
72 55 0
72 56 1
72 57 0
72 58 1
72 59 0
72 60 0
72 61 1
72 62 0
72 63 1
72 64 1
72 65 1
72 66 1
72 67 1
72 68 1
72 69 1
72 70 0
72 71 1
72 72 0
72 73 1
72 74 0
72 75 0
72 76 0
72 77 1
72 78 1
72 79 1
72 80 0
72 81 0
72 82 1
72 83 0
72 84 1
72 85 0
72 86 0
72 87 0
72 88 1
72 89 1
72 90 1
72 91 1
72 92 0
72 93 1
72 94 1
72 95 0
72 96 0
72 97 0
72 98 0
72 99 0
73 0 0
73 1 1
73 2 0
73 3 1
73 4 1
73 5 1
73 6 1
73 7 1
73 8 1
73 9 0
73 10 0
73 11 0
73 12 0
73 13 1
73 14 1
73 15 1
73 16 1
73 17 1
73 18 1
73 19 0
73 20 1
73 21 0
73 22 0
73 23 1
73 24 1
73 25 1
73 26 0
73 27 1
73 28 0
73 29 0
73 30 0
73 31 1
73 32 0
73 33 1
73 34 0
73 35 0
73 36 1
73 37 1
73 38 0
73 39 1
73 40 0
73 41 1
73 42 0
73 43 1
73 44 0
73 45 1
73 46 0
73 47 1
73 48 0
73 49 1
73 50 0
73 51 0
73 52 0
73 53 0
73 54 0
73 55 1
73 56 0
73 57 0
73 58 0
73 59 0
73 60 0
73 61 0
73 62 0
73 63 0
73 64 1
73 65 0
73 66 0
73 67 1
73 68 1
73 69 0
73 70 0
73 71 0
73 72 0
73 73 0
73 74 0
73 75 1
73 76 0
73 77 1
73 78 1
73 79 1
73 80 1
73 81 1
73 82 0
73 83 1
73 84 0
73 85 1
73 86 1
73 87 1
73 88 0
73 89 0
73 90 0
73 91 1
73 92 1
73 93 1
73 94 0
73 95 0
73 96 0
73 97 1
73 98 1
73 99 1
74 0 0
74 1 1
74 2 0
74 3 1
74 4 0
74 5 1
74 6 0
74 7 0
74 8 1
74 9 0
74 10 0
74 11 0
74 12 0
74 13 1
74 14 0
74 15 0
74 16 1
74 17 0
74 18 0
74 19 1
74 20 1
74 21 0
74 22 1
74 23 1
74 24 0
74 25 0
74 26 1
74 27 1
74 28 1
74 29 1
74 30 0
74 31 1
74 32 1
74 33 0
74 34 0
74 35 0
74 36 1
74 37 0
74 38 0
74 39 1
74 40 1
74 41 1
74 42 1
74 43 1
74 44 1
74 45 0
74 46 0
74 47 1
74 48 1
74 49 0
74 50 0
74 51 0
74 52 0
74 53 1
74 54 0
74 55 1
74 56 1
74 57 0
74 58 1
74 59 1
74 60 1
74 61 0
74 62 0
74 63 1
74 64 1
74 65 0
74 66 0
74 67 0
74 68 0
74 69 1
74 70 0
74 71 0
74 72 0
74 73 1
74 74 0
74 75 0
74 76 0
74 77 1
74 78 0
74 79 0
74 80 0
74 81 1
74 82 1
74 83 1
74 84 0
74 85 1
74 86 1
74 87 1
74 88 1
74 89 0
74 90 0
74 91 1
74 92 1
74 93 0
74 94 0
74 95 1
74 96 1
74 97 0
74 98 1
74 99 1
75 0 0
75 1 0
75 2 1
75 3 0
75 4 0
75 5 0
75 6 0
75 7 0
75 8 1
75 9 1
75 10 1
75 11 0
75 12 0
75 13 0
75 14 1
75 15 0
75 16 1
75 17 1
75 18 0
75 19 0
75 20 0
75 21 1
75 22 0
75 23 1
75 24 0
75 25 1
75 26 0
75 27 1
75 28 0
75 29 0
75 30 0
75 31 0
75 32 1
75 33 1
75 34 0
75 35 1
75 36 0
75 37 1
75 38 0
75 39 0
75 40 1
75 41 0
75 42 0
75 43 0
75 44 1
75 45 1
75 46 0
75 47 0
75 48 0
75 49 1
75 50 0
75 51 1
75 52 0
75 53 1
75 54 1
75 55 0
75 56 1
75 57 1
75 58 1
75 59 0
75 60 1
75 61 0
75 62 1
75 63 1
75 64 0
75 65 0
75 66 0
75 67 1
75 68 1
75 69 0
75 70 0
75 71 1
75 72 1
75 73 1
75 74 1
75 75 0
75 76 1
75 77 1
75 78 1
75 79 0
75 80 1
75 81 1
75 82 0
75 83 1
75 84 0
75 85 1
75 86 0
75 87 0
75 88 1
75 89 1
75 90 1
75 91 0
75 92 0
75 93 0
75 94 1
75 95 1
75 96 1
75 97 1
75 98 1
75 99 1
76 0 0
76 1 1
76 2 1
76 3 0
76 4 0
76 5 0
76 6 0
76 7 0
76 8 0
76 9 0
76 10 1
76 11 1
76 12 0
76 13 1
76 14 0
76 15 1
76 16 1
76 17 1
76 18 1
76 19 1
76 20 1
76 21 1
76 22 0
76 23 0
76 24 0
76 25 0
76 26 0
76 27 0
76 28 0
76 29 0
76 30 1
76 31 1
76 32 1
76 33 0
76 34 0
76 35 0
76 36 1
76 37 0
76 38 1
76 39 0
76 40 1
76 41 1
76 42 1
76 43 0
76 44 1
76 45 1
76 46 0
76 47 0
76 48 0
76 49 0
76 50 1
76 51 0
76 52 0
76 53 0
76 54 1
76 55 1
76 56 1
76 57 1
76 58 0
76 59 0
76 60 0
76 61 0
76 62 1
76 63 0
76 64 0
76 65 1
76 66 1
76 67 1
76 68 1
76 69 1
76 70 1
76 71 0
76 72 1
76 73 0
76 74 0
76 75 0
76 76 0
76 77 0
76 78 1
76 79 1
76 80 1
76 81 0
76 82 0
76 83 1
76 84 1
76 85 1
76 86 1
76 87 1
76 88 0
76 89 0
76 90 0
76 91 1
76 92 0
76 93 0
76 94 0
76 95 0
76 96 1
76 97 0
76 98 0
76 99 1
77 0 1
77 1 1
77 2 1
77 3 1
77 4 1
77 5 0
77 6 1
77 7 0
77 8 0
77 9 0
77 10 1
77 11 0
77 12 0
77 13 1
77 14 0
77 15 1
77 16 0
77 17 1
77 18 0
77 19 1
77 20 1
77 21 0
77 22 1
77 23 1
77 24 0
77 25 1
77 26 0
77 27 0
77 28 0
77 29 1
77 30 1
77 31 0
77 32 0
77 33 1
77 34 0
77 35 1
77 36 1
77 37 0
77 38 0
77 39 1
77 40 0
77 41 1
77 42 1
77 43 1
77 44 0
77 45 1
77 46 0
77 47 1
77 48 1
77 49 1
77 50 1
77 51 1
77 52 0
77 53 1
77 54 1
77 55 1
77 56 1
77 57 0
77 58 1
77 59 1
77 60 0
77 61 0
77 62 1
77 63 0
77 64 1
77 65 0
77 66 1
77 67 0
77 68 0
77 69 1
77 70 1
77 71 0
77 72 1
77 73 1
77 74 0
77 75 1
77 76 1
77 77 0
77 78 0
77 79 0
77 80 0
77 81 1
77 82 0
77 83 1
77 84 1
77 85 1
77 86 0
77 87 0
77 88 1
77 89 0
77 90 1
77 91 1
77 92 1
77 93 0
77 94 0
77 95 1
77 96 1
77 97 0
77 98 0
77 99 1
78 0 1
78 1 0
78 2 0
78 3 1
78 4 0
78 5 1
78 6 1
78 7 0
78 8 0
78 9 0
78 10 1
78 11 1
78 12 1
78 13 0
78 14 0
78 15 0
78 16 1
78 17 1
78 18 1
78 19 1
78 20 1
78 21 1
78 22 0
78 23 0
78 24 0
78 25 0
78 26 0
78 27 1
78 28 1
78 29 0
78 30 1
78 31 0
78 32 1
78 33 0
78 34 0
78 35 1
78 36 1
78 37 1
78 38 1
78 39 0
78 40 0
78 41 0
78 42 1
78 43 0
78 44 0
78 45 1
78 46 0
78 47 1
78 48 0
78 49 0
78 50 0
78 51 1
78 52 0
78 53 1
78 54 0
78 55 1
78 56 1
78 57 1
78 58 1
78 59 0
78 60 0
78 61 0
78 62 0
78 63 0
78 64 0
78 65 0
78 66 0
78 67 1
78 68 1
78 69 0
78 70 1
78 71 1
78 72 0
78 73 1
78 74 1
78 75 1
78 76 0
78 77 1
78 78 0
78 79 0
78 80 0
78 81 1
78 82 0
78 83 0
78 84 0
78 85 0
78 86 1
78 87 0
78 88 1
78 89 0
78 90 1
78 91 1
78 92 0
78 93 1
78 94 1
78 95 1
78 96 0
78 97 0
78 98 1
78 99 0
79 0 0
79 1 0
79 2 1
79 3 1
79 4 0
79 5 1
79 6 1
79 7 1
79 8 0
79 9 0
79 10 0
79 11 1
79 12 0
79 13 1
79 14 0
79 15 1
79 16 1
79 17 0
79 18 1
79 19 0
79 20 0
79 21 1
79 22 1
79 23 0
79 24 1
79 25 0
79 26 1
79 27 0
79 28 1
79 29 1
79 30 1
79 31 1
79 32 0
79 33 0
79 34 0
79 35 0
79 36 1
79 37 1
79 38 0
79 39 0
79 40 0
79 41 1
79 42 1
79 43 0
79 44 1
79 45 1
79 46 1
79 47 1
79 48 0
79 49 1
79 50 1
79 51 1
79 52 0
79 53 0
79 54 0
79 55 1
79 56 0
79 57 0
79 58 0
79 59 0
79 60 0
79 61 0
79 62 1
79 63 0
79 64 0
79 65 1
79 66 0
79 67 0
79 68 1
79 69 0
79 70 1
79 71 1
79 72 0
79 73 0
79 74 1
79 75 1
79 76 1
79 77 0
79 78 1
79 79 0
79 80 1
79 81 0
79 82 0
79 83 1
79 84 1
79 85 0
79 86 1
79 87 1
79 88 1
79 89 1
79 90 1
79 91 1
79 92 1
79 93 1
79 94 0
79 95 0
79 96 1
79 97 0
79 98 1
79 99 0
80 0 1
80 1 0
80 2 0
80 3 0
80 4 0
80 5 0
80 6 1
80 7 0
80 8 0
80 9 1
80 10 0
80 11 0
80 12 0
80 13 1
80 14 0
80 15 1
80 16 1
80 17 0
80 18 0
80 19 1
80 20 1
80 21 0
80 22 0
80 23 0
80 24 1
80 25 0
80 26 1
80 27 1
80 28 0
80 29 0
80 30 0
80 31 1
80 32 1
80 33 0
80 34 1
80 35 0
80 36 1
80 37 1
80 38 0
80 39 0
80 40 0
80 41 0
80 42 0
80 43 1
80 44 0
80 45 0
80 46 0
80 47 1
80 48 1
80 49 1
80 50 1
80 51 1
80 52 1
80 53 0
80 54 0
80 55 1
80 56 0
80 57 0
80 58 1
80 59 1
80 60 1
80 61 0
80 62 1
80 63 1
80 64 1
80 65 1
80 66 1
80 67 1
80 68 1
80 69 0
80 70 0
80 71 0
80 72 0
80 73 0
80 74 1
80 75 0
80 76 0
80 77 0
80 78 0
80 79 1
80 80 0
80 81 0
80 82 0
80 83 1
80 84 0
80 85 0
80 86 1
80 87 0
80 88 0
80 89 0
80 90 0
80 91 1
80 92 1
80 93 1
80 94 1
80 95 0
80 96 1
80 97 1
80 98 0
80 99 0
81 0 1
81 1 1
81 2 0
81 3 1
81 4 0
81 5 0
81 6 0
81 7 1
81 8 1
81 9 1
81 10 0
81 11 0
81 12 1
81 13 0
81 14 1
81 15 0
81 16 1
81 17 1
81 18 0
81 19 0
81 20 0
81 21 1
81 22 0
81 23 0
81 24 1
81 25 1
81 26 1
81 27 1
81 28 1
81 29 0
81 30 1
81 31 1
81 32 1
81 33 0
81 34 0
81 35 1
81 36 1
81 37 0
81 38 1
81 39 0
81 40 0
81 41 0
81 42 0
81 43 0
81 44 0
81 45 1
81 46 0
81 47 1
81 48 0
81 49 1
81 50 0
81 51 0
81 52 1
81 53 0
81 54 1
81 55 1
81 56 0
81 57 0
81 58 1
81 59 1
81 60 1
81 61 1
81 62 1
81 63 1
81 64 0
81 65 0
81 66 0
81 67 0
81 68 0
81 69 0
81 70 0
81 71 1
81 72 1
81 73 1
81 74 1
81 75 0
81 76 1
81 77 1
81 78 0
81 79 0
81 80 0
81 81 0
81 82 1
81 83 0
81 84 1
81 85 0
81 86 1
81 87 1
81 88 1
81 89 0
81 90 1
81 91 1
81 92 0
81 93 1
81 94 0
81 95 1
81 96 0
81 97 0
81 98 1
81 99 1
82 0 0
82 1 0
82 2 0
82 3 1
82 4 1
82 5 1
82 6 1
82 7 1
82 8 0
82 9 1
82 10 0
82 11 0
82 12 0
82 13 1
82 14 1
82 15 1
82 16 1
82 17 0
82 18 0
82 19 1
82 20 1
82 21 1
82 22 0
82 23 1
82 24 0
82 25 1
82 26 0
82 27 1
82 28 0
82 29 1
82 30 1
82 31 1
82 32 1
82 33 0
82 34 0
82 35 1
82 36 1
82 37 0
82 38 1
82 39 0
82 40 0
82 41 1
82 42 0
82 43 0
82 44 0
82 45 0
82 46 1
82 47 0
82 48 1
82 49 1
82 50 0
82 51 1
82 52 0
82 53 0
82 54 0
82 55 1
82 56 0
82 57 0
82 58 0
82 59 0
82 60 1
82 61 1
82 62 1
82 63 0
82 64 0
82 65 0
82 66 0
82 67 1
82 68 0
82 69 1
82 70 0
82 71 1
82 72 1
82 73 1
82 74 1
82 75 0
82 76 0
82 77 1
82 78 0
82 79 0
82 80 1
82 81 0
82 82 0
82 83 0
82 84 1
82 85 0
82 86 0
82 87 1
82 88 0
82 89 0
82 90 1
82 91 0
82 92 1
82 93 1
82 94 1
82 95 0
82 96 0
82 97 1
82 98 1
82 99 0
83 0 1
83 1 0
83 2 0
83 3 1
83 4 0
83 5 0
83 6 1
83 7 1
83 8 0
83 9 0
83 10 0
83 11 1
83 12 1
83 13 0
83 14 1
83 15 1
83 16 0
83 17 0
83 18 0
83 19 1
83 20 0
83 21 0
83 22 0
83 23 1
83 24 0
83 25 0
83 26 1
83 27 0
83 28 1
83 29 1
83 30 0
83 31 1
83 32 0
83 33 1
83 34 1
83 35 0
83 36 0
83 37 1
83 38 1
83 39 0
83 40 0
83 41 0
83 42 0
83 43 1
83 44 1
83 45 1
83 46 0
83 47 0
83 48 1
83 49 1
83 50 1
83 51 0
83 52 1
83 53 0
83 54 0
83 55 1
83 56 0
83 57 0
83 58 1
83 59 1
83 60 1
83 61 0
83 62 1
83 63 1
83 64 0
83 65 0
83 66 0
83 67 0
83 68 0
83 69 1
83 70 0
83 71 0
83 72 0
83 73 1
83 74 0
83 75 0
83 76 0
83 77 0
83 78 0
83 79 0
83 80 1
83 81 0
83 82 0
83 83 0
83 84 0
83 85 0
83 86 0
83 87 1
83 88 1
83 89 1
83 90 0
83 91 1
83 92 0
83 93 0
83 94 1
83 95 1
83 96 1
83 97 0
83 98 1
83 99 0
84 0 0
84 1 1
84 2 1
84 3 1
84 4 1
84 5 1
84 6 1
84 7 1
84 8 1
84 9 1
84 10 1
84 11 1
84 12 1
84 13 1
84 14 1
84 15 1
84 16 1
84 17 0
84 18 1
84 19 0
84 20 1
84 21 0
84 22 0
84 23 0
84 24 1
84 25 0
84 26 0
84 27 1
84 28 1
84 29 1
84 30 0
84 31 1
84 32 1
84 33 0
84 34 0
84 35 0
84 36 1
84 37 0
84 38 0
84 39 0
84 40 1
84 41 1
84 42 1
84 43 1
84 44 0
84 45 1
84 46 0
84 47 0
84 48 0
84 49 0
84 50 0
84 51 1
84 52 1
84 53 0
84 54 0
84 55 1
84 56 1
84 57 1
84 58 1
84 59 1
84 60 1
84 61 1
84 62 0
84 63 1
84 64 0
84 65 0
84 66 1
84 67 1
84 68 1
84 69 0
84 70 1
84 71 1
84 72 1
84 73 1
84 74 0
84 75 0
84 76 1
84 77 1
84 78 1
84 79 1
84 80 1
84 81 1
84 82 1
84 83 0
84 84 0
84 85 0
84 86 1
84 87 1
84 88 0
84 89 0
84 90 1
84 91 0
84 92 1
84 93 0
84 94 0
84 95 0
84 96 0
84 97 1
84 98 0
84 99 1
85 0 1
85 1 1
85 2 0
85 3 0
85 4 1
85 5 1
85 6 0
85 7 1
85 8 0
85 9 1
85 10 0
85 11 1
85 12 0
85 13 1
85 14 1
85 15 0
85 16 1
85 17 0
85 18 0
85 19 0
85 20 1
85 21 1
85 22 1
85 23 0
85 24 0
85 25 0
85 26 1
85 27 0
85 28 1
85 29 0
85 30 1
85 31 1
85 32 0
85 33 0
85 34 0
85 35 0
85 36 0
85 37 1
85 38 1
85 39 0
85 40 0
85 41 0
85 42 1
85 43 0
85 44 1
85 45 1
85 46 1
85 47 0
85 48 1
85 49 0
85 50 1
85 51 0
85 52 1
85 53 1
85 54 0
85 55 0
85 56 1
85 57 1
85 58 1
85 59 0
85 60 0
85 61 1
85 62 1
85 63 0
85 64 1
85 65 0
85 66 1
85 67 0
85 68 1
85 69 0
85 70 1
85 71 0
85 72 1
85 73 1
85 74 1
85 75 1
85 76 0
85 77 1
85 78 0
85 79 1
85 80 0
85 81 0
85 82 1
85 83 1
85 84 1
85 85 0
85 86 0
85 87 0
85 88 1
85 89 0
85 90 0
85 91 0
85 92 0
85 93 1
85 94 1
85 95 1
85 96 0
85 97 1
85 98 1
85 99 0
86 0 0
86 1 1
86 2 0
86 3 1
86 4 0
86 5 0
86 6 0
86 7 1
86 8 0
86 9 1
86 10 1
86 11 1
86 12 1
86 13 0
86 14 1
86 15 0
86 16 0
86 17 0
86 18 0
86 19 0
86 20 0
86 21 1
86 22 1
86 23 1
86 24 0
86 25 1
86 26 1
86 27 0
86 28 0
86 29 1
86 30 0
86 31 1
86 32 1
86 33 0
86 34 0
86 35 0
86 36 1
86 37 0
86 38 1
86 39 1
86 40 1
86 41 1
86 42 1
86 43 0
86 44 0
86 45 0
86 46 0
86 47 1
86 48 1
86 49 0
86 50 1
86 51 0
86 52 0
86 53 0
86 54 1
86 55 1
86 56 1
86 57 0
86 58 1
86 59 1
86 60 1
86 61 1
86 62 0
86 63 1
86 64 0
86 65 0
86 66 0
86 67 1
86 68 0
86 69 0
86 70 1
86 71 1
86 72 1
86 73 1
86 74 0
86 75 1
86 76 0
86 77 0
86 78 1
86 79 1
86 80 0
86 81 1
86 82 0
86 83 0
86 84 0
86 85 1
86 86 0
86 87 0
86 88 0
86 89 1
86 90 0
86 91 1
86 92 1
86 93 1
86 94 0
86 95 1
86 96 0
86 97 0
86 98 1
86 99 1
87 0 0
87 1 1
87 2 1
87 3 1
87 4 0
87 5 1
87 6 1
87 7 0
87 8 0
87 9 0
87 10 0
87 11 1
87 12 1
87 13 1
87 14 1
87 15 0
87 16 0
87 17 1
87 18 1
87 19 1
87 20 0
87 21 1
87 22 1
87 23 0
87 24 1
87 25 0
87 26 0
87 27 0
87 28 1
87 29 1
87 30 1
87 31 0
87 32 1
87 33 0
87 34 0
87 35 0
87 36 1
87 37 1
87 38 0
87 39 0
87 40 1
87 41 0
87 42 0
87 43 0
87 44 1
87 45 0
87 46 1
87 47 0
87 48 0
87 49 0
87 50 1
87 51 1
87 52 1
87 53 0
87 54 0
87 55 1
87 56 0
87 57 1
87 58 0
87 59 1
87 60 1
87 61 1
87 62 0
87 63 0
87 64 1
87 65 0
87 66 0
87 67 1
87 68 0
87 69 1
87 70 0
87 71 1
87 72 0
87 73 1
87 74 0
87 75 1
87 76 0
87 77 1
87 78 1
87 79 1
87 80 1
87 81 0
87 82 1
87 83 0
87 84 0
87 85 0
87 86 1
87 87 0
87 88 0
87 89 1
87 90 0
87 91 1
87 92 0
87 93 1
87 94 1
87 95 1
87 96 0
87 97 0
87 98 1
87 99 1
88 0 1
88 1 1
88 2 1
88 3 0
88 4 1
88 5 1
88 6 0
88 7 0
88 8 1
88 9 0
88 10 0
88 11 1
88 12 1
88 13 0
88 14 1
88 15 1
88 16 1
88 17 0
88 18 1
88 19 0
88 20 0
88 21 0
88 22 0
88 23 1
88 24 0
88 25 0
88 26 0
88 27 1
88 28 0
88 29 1
88 30 1
88 31 1
88 32 1
88 33 1
88 34 0
88 35 0
88 36 1
88 37 0
88 38 0
88 39 1
88 40 0
88 41 1
88 42 1
88 43 0
88 44 0
88 45 1
88 46 0
88 47 1
88 48 0
88 49 1
88 50 0
88 51 1
88 52 1
88 53 0
88 54 1
88 55 1
88 56 1
88 57 1
88 58 1
88 59 0
88 60 0
88 61 1
88 62 0
88 63 0
88 64 0
88 65 1
88 66 1
88 67 0
88 68 0
88 69 1
88 70 1
88 71 0
88 72 1
88 73 0
88 74 1
88 75 1
88 76 1
88 77 1
88 78 0
88 79 0
88 80 1
88 81 0
88 82 0
88 83 0
88 84 1
88 85 1
88 86 0
88 87 0
88 88 0
88 89 0
88 90 1
88 91 0
88 92 1
88 93 0
88 94 1
88 95 1
88 96 1
88 97 0
88 98 0
88 99 0
89 0 0
89 1 1
89 2 1
89 3 0
89 4 0
89 5 0
89 6 1
89 7 0
89 8 1
89 9 0
89 10 1
89 11 1
89 12 1
89 13 0
89 14 0
89 15 0
89 16 0
89 17 1
89 18 1
89 19 0
89 20 0
89 21 1
89 22 0
89 23 1
89 24 0
89 25 1
89 26 0
89 27 1
89 28 0
89 29 1
89 30 1
89 31 0
89 32 1
89 33 0
89 34 0
89 35 0
89 36 1
89 37 1
89 38 1
89 39 1
89 40 1
89 41 0
89 42 0
89 43 0
89 44 0
89 45 0
89 46 1
89 47 1
89 48 0
89 49 0
89 50 1
89 51 0
89 52 0
89 53 1
89 54 1
89 55 1
89 56 0
89 57 0
89 58 1
89 59 1
89 60 1
89 61 1
89 62 0
89 63 1
89 64 0
89 65 1
89 66 0
89 67 1
89 68 1
89 69 1
89 70 0
89 71 0
89 72 1
89 73 0
89 74 0
89 75 1
89 76 0
89 77 1
89 78 0
89 79 0
89 80 0
89 81 0
89 82 0
89 83 1
89 84 0
89 85 1
89 86 0
89 87 1
89 88 0
89 89 0
89 90 0
89 91 1
89 92 1
89 93 0
89 94 0
89 95 0
89 96 1
89 97 1
89 98 0
89 99 1
90 0 1
90 1 0
90 2 1
90 3 0
90 4 0
90 5 0
90 6 1
90 7 0
90 8 0
90 9 1
90 10 1
90 11 1
90 12 0
90 13 0
90 14 1
90 15 0
90 16 0
90 17 0
90 18 0
90 19 0
90 20 1
90 21 1
90 22 0
90 23 0
90 24 1
90 25 0
90 26 1
90 27 0
90 28 1
90 29 1
90 30 1
90 31 1
90 32 1
90 33 0
90 34 0
90 35 0
90 36 0
90 37 1
90 38 1
90 39 0
90 40 0
90 41 1
90 42 0
90 43 0
90 44 1
90 45 1
90 46 0
90 47 0
90 48 0
90 49 0
90 50 0
90 51 0
90 52 0
90 53 0
90 54 0
90 55 0
90 56 1
90 57 0
90 58 1
90 59 1
90 60 0
90 61 1
90 62 1
90 63 0
90 64 0
90 65 0
90 66 1
90 67 1
90 68 1
90 69 1
90 70 0
90 71 1
90 72 0
90 73 1
90 74 1
90 75 1
90 76 1
90 77 0
90 78 1
90 79 0
90 80 0
90 81 1
90 82 1
90 83 0
90 84 0
90 85 0
90 86 1
90 87 1
90 88 0
90 89 0
90 90 0
90 91 1
90 92 1
90 93 1
90 94 0
90 95 0
90 96 0
90 97 1
90 98 0
90 99 0
91 0 1
91 1 0
91 2 0
91 3 0
91 4 1
91 5 1
91 6 1
91 7 0
91 8 0
91 9 0
91 10 0
91 11 0
91 12 0
91 13 1
91 14 1
91 15 0
91 16 0
91 17 0
91 18 1
91 19 0
91 20 0
91 21 0
91 22 0
91 23 0
91 24 1
91 25 0
91 26 1
91 27 1
91 28 1
91 29 1
91 30 0
91 31 1
91 32 1
91 33 1
91 34 1
91 35 0
91 36 0
91 37 0
91 38 1
91 39 1
91 40 1
91 41 0
91 42 1
91 43 1
91 44 1
91 45 0
91 46 1
91 47 1
91 48 0
91 49 1
91 50 1
91 51 0
91 52 1
91 53 0
91 54 0
91 55 1
91 56 0
91 57 0
91 58 1
91 59 1
91 60 0
91 61 0
91 62 1
91 63 1
91 64 1
91 65 1
91 66 1
91 67 1
91 68 1
91 69 1
91 70 0
91 71 0
91 72 0
91 73 1
91 74 0
91 75 0
91 76 0
91 77 0
91 78 0
91 79 1
91 80 0
91 81 1
91 82 1
91 83 0
91 84 0
91 85 1
91 86 1
91 87 0
91 88 0
91 89 0
91 90 1
91 91 0
91 92 0
91 93 1
91 94 1
91 95 1
91 96 0
91 97 1
91 98 0
91 99 0
92 0 0
92 1 1
92 2 1
92 3 1
92 4 1
92 5 0
92 6 0
92 7 1
92 8 1
92 9 0
92 10 0
92 11 0
92 12 1
92 13 1
92 14 1
92 15 1
92 16 0
92 17 0
92 18 1
92 19 0
92 20 1
92 21 0
92 22 0
92 23 1
92 24 0
92 25 1
92 26 0
92 27 1
92 28 1
92 29 0
92 30 0
92 31 0
92 32 0
92 33 0
92 34 0
92 35 0
92 36 1
92 37 0
92 38 1
92 39 0
92 40 1
92 41 0
92 42 0
92 43 1
92 44 1
92 45 0
92 46 0
92 47 1
92 48 1
92 49 1
92 50 0
92 51 1
92 52 0
92 53 0
92 54 1
92 55 1
92 56 0
92 57 0
92 58 0
92 59 0
92 60 1
92 61 0
92 62 1
92 63 0
92 64 0
92 65 0
92 66 1
92 67 1
92 68 0
92 69 0
92 70 0
92 71 0
92 72 1
92 73 1
92 74 1
92 75 1
92 76 1
92 77 1
92 78 1
92 79 0
92 80 0
92 81 1
92 82 1
92 83 0
92 84 1
92 85 0
92 86 1
92 87 0
92 88 0
92 89 1
92 90 1
92 91 1
92 92 0
92 93 0
92 94 0
92 95 1
92 96 0
92 97 1
92 98 0
92 99 1
93 0 0
93 1 0
93 2 1
93 3 1
93 4 1
93 5 1
93 6 0
93 7 0
93 8 0
93 9 1
93 10 1
93 11 1
93 12 0
93 13 1
93 14 1
93 15 1
93 16 1
93 17 0
93 18 0
93 19 0
93 20 1
93 21 0
93 22 0
93 23 0
93 24 1
93 25 0
93 26 0
93 27 0
93 28 1
93 29 1
93 30 1
93 31 1
93 32 0
93 33 1
93 34 1
93 35 1
93 36 1
93 37 1
93 38 0
93 39 1
93 40 1
93 41 0
93 42 0
93 43 0
93 44 1
93 45 1
93 46 1
93 47 0
93 48 1
93 49 1
93 50 1
93 51 0
93 52 1
93 53 0
93 54 0
93 55 1
93 56 1
93 57 1
93 58 0
93 59 1
93 60 0
93 61 1
93 62 0
93 63 0
93 64 1
93 65 0
93 66 1
93 67 1
93 68 1
93 69 1
93 70 1
93 71 1
93 72 1
93 73 0
93 74 1
93 75 0
93 76 0
93 77 0
93 78 1
93 79 1
93 80 1
93 81 0
93 82 1
93 83 1
93 84 0
93 85 0
93 86 1
93 87 1
93 88 1
93 89 0
93 90 0
93 91 0
93 92 1
93 93 0
93 94 1
93 95 0
93 96 0
93 97 0
93 98 1
93 99 1
94 0 0
94 1 0
94 2 1
94 3 1
94 4 0
94 5 1
94 6 0
94 7 1
94 8 1
94 9 1
94 10 0
94 11 1
94 12 1
94 13 0
94 14 0
94 15 0
94 16 0
94 17 0
94 18 0
94 19 1
94 20 0
94 21 0
94 22 1
94 23 1
94 24 1
94 25 1
94 26 1
94 27 0
94 28 1
94 29 1
94 30 1
94 31 1
94 32 1
94 33 1
94 34 1
94 35 0
94 36 0
94 37 1
94 38 0
94 39 0
94 40 1
94 41 1
94 42 0
94 43 1
94 44 1
94 45 1
94 46 1
94 47 0
94 48 0
94 49 1
94 50 1
94 51 1
94 52 0
94 53 1
94 54 0
94 55 0
94 56 1
94 57 0
94 58 1
94 59 1
94 60 0
94 61 0
94 62 1
94 63 1
94 64 1
94 65 1
94 66 1
94 67 1
94 68 0
94 69 0
94 70 0
94 71 0
94 72 1
94 73 0
94 74 0
94 75 1
94 76 0
94 77 0
94 78 1
94 79 1
94 80 1
94 81 1
94 82 0
94 83 0
94 84 0
94 85 1
94 86 0
94 87 1
94 88 0
94 89 0
94 90 1
94 91 0
94 92 1
94 93 0
94 94 0
94 95 1
94 96 1
94 97 0
94 98 0
94 99 1
95 0 0
95 1 1
95 2 1
95 3 1
95 4 1
95 5 1
95 6 1
95 7 1
95 8 0
95 9 1
95 10 1
95 11 0
95 12 0
95 13 1
95 14 0
95 15 0
95 16 1
95 17 1
95 18 0
95 19 1
95 20 0
95 21 1
95 22 1
95 23 0
95 24 1
95 25 0
95 26 1
95 27 0
95 28 1
95 29 1
95 30 1
95 31 1
95 32 1
95 33 0
95 34 0
95 35 1
95 36 1
95 37 0
95 38 0
95 39 0
95 40 0
95 41 0
95 42 1
95 43 1
95 44 0
95 45 1
95 46 0
95 47 1
95 48 0
95 49 1
95 50 0
95 51 0
95 52 1
95 53 0
95 54 1
95 55 0
95 56 1
95 57 0
95 58 0
95 59 1
95 60 1
95 61 0
95 62 1
95 63 1
95 64 0
95 65 0
95 66 1
95 67 0
95 68 1
95 69 0
95 70 0
95 71 0
95 72 0
95 73 1
95 74 1
95 75 1
95 76 1
95 77 0
95 78 0
95 79 1
95 80 1
95 81 0
95 82 1
95 83 0
95 84 1
95 85 0
95 86 1
95 87 1
95 88 1
95 89 0
95 90 1
95 91 1
95 92 1
95 93 0
95 94 1
95 95 0
95 96 0
95 97 0
95 98 1
95 99 1
96 0 1
96 1 0
96 2 1
96 3 1
96 4 0
96 5 1
96 6 1
96 7 1
96 8 0
96 9 0
96 10 0
96 11 1
96 12 1
96 13 1
96 14 1
96 15 0
96 16 0
96 17 1
96 18 0
96 19 0
96 20 1
96 21 0
96 22 0
96 23 0
96 24 0
96 25 1
96 26 1
96 27 1
96 28 0
96 29 1
96 30 0
96 31 1
96 32 0
96 33 1
96 34 1
96 35 1
96 36 1
96 37 1
96 38 1
96 39 1
96 40 1
96 41 0
96 42 0
96 43 0
96 44 1
96 45 1
96 46 1
96 47 0
96 48 0
96 49 1
96 50 1
96 51 1
96 52 1
96 53 1
96 54 1
96 55 1
96 56 0
96 57 1
96 58 1
96 59 0
96 60 0
96 61 0
96 62 1
96 63 1
96 64 1
96 65 1
96 66 1
96 67 0
96 68 1
96 69 1
96 70 0
96 71 0
96 72 1
96 73 1
96 74 0
96 75 1
96 76 0
96 77 0
96 78 1
96 79 0
96 80 1
96 81 0
96 82 0
96 83 1
96 84 0
96 85 0
96 86 0
96 87 1
96 88 0
96 89 0
96 90 1
96 91 1
96 92 0
96 93 0
96 94 1
96 95 0
96 96 0
96 97 0
96 98 1
96 99 0
97 0 0
97 1 0
97 2 0
97 3 1
97 4 1
97 5 1
97 6 1
97 7 1
97 8 0
97 9 0
97 10 1
97 11 1
97 12 1
97 13 1
97 14 1
97 15 0
97 16 0
97 17 0
97 18 0
97 19 1
97 20 1
97 21 0
97 22 1
97 23 0
97 24 0
97 25 0
97 26 0
97 27 0
97 28 1
97 29 0
97 30 1
97 31 0
97 32 0
97 33 1
97 34 0
97 35 0
97 36 1
97 37 0
97 38 0
97 39 1
97 40 0
97 41 1
97 42 1
97 43 0
97 44 0
97 45 0
97 46 1
97 47 0
97 48 0
97 49 0
97 50 0
97 51 0
97 52 1
97 53 0
97 54 1
97 55 0
97 56 1
97 57 1
97 58 0
97 59 0
97 60 1
97 61 1
97 62 1
97 63 1
97 64 0
97 65 0
97 66 1
97 67 1
97 68 1
97 69 1
97 70 1
97 71 1
97 72 1
97 73 1
97 74 1
97 75 1
97 76 1
97 77 1
97 78 1
97 79 1
97 80 0
97 81 1
97 82 0
97 83 0
97 84 1
97 85 0
97 86 0
97 87 0
97 88 1
97 89 0
97 90 0
97 91 1
97 92 0
97 93 0
97 94 1
97 95 1
97 96 0
97 97 0
97 98 0
97 99 1
98 0 0
98 1 0
98 2 1
98 3 0
98 4 0
98 5 0
98 6 0
98 7 0
98 8 1
98 9 0
98 10 1
98 11 1
98 12 0
98 13 0
98 14 1
98 15 0
98 16 1
98 17 1
98 18 0
98 19 0
98 20 1
98 21 1
98 22 0
98 23 1
98 24 1
98 25 0
98 26 0
98 27 1
98 28 0
98 29 1
98 30 0
98 31 1
98 32 1
98 33 0
98 34 0
98 35 1
98 36 0
98 37 1
98 38 1
98 39 1
98 40 0
98 41 0
98 42 1
98 43 1
98 44 0
98 45 0
98 46 1
98 47 0
98 48 1
98 49 0
98 50 0
98 51 0
98 52 1
98 53 0
98 54 0
98 55 1
98 56 0
98 57 1
98 58 1
98 59 1
98 60 1
98 61 0
98 62 1
98 63 1
98 64 0
98 65 1
98 66 1
98 67 0
98 68 1
98 69 0
98 70 0
98 71 0
98 72 1
98 73 0
98 74 0
98 75 0
98 76 0
98 77 0
98 78 1
98 79 1
98 80 0
98 81 1
98 82 1
98 83 0
98 84 0
98 85 0
98 86 1
98 87 0
98 88 0
98 89 1
98 90 0
98 91 1
98 92 0
98 93 1
98 94 0
98 95 1
98 96 0
98 97 1
98 98 0
98 99 1
99 0 1
99 1 1
99 2 1
99 3 1
99 4 0
99 5 1
99 6 1
99 7 1
99 8 1
99 9 0
99 10 1
99 11 0
99 12 0
99 13 1
99 14 0
99 15 0
99 16 1
99 17 1
99 18 1
99 19 1
99 20 0
99 21 0
99 22 1
99 23 0
99 24 0
99 25 1
99 26 1
99 27 1
99 28 0
99 29 0
99 30 0
99 31 0
99 32 1
99 33 0
99 34 0
99 35 1
99 36 1
99 37 0
99 38 0
99 39 1
99 40 1
99 41 1
99 42 0
99 43 0
99 44 0
99 45 1
99 46 0
99 47 0
99 48 0
99 49 0
99 50 1
99 51 1
99 52 0
99 53 1
99 54 1
99 55 1
99 56 1
99 57 1
99 58 1
99 59 1
99 60 1
99 61 1
99 62 1
99 63 0
99 64 1
99 65 0
99 66 0
99 67 0
99 68 1
99 69 1
99 70 1
99 71 1
99 72 0
99 73 0
99 74 0
99 75 0
99 76 1
99 77 0
99 78 0
99 79 0
99 80 1
99 81 0
99 82 1
99 83 0
99 84 1
99 85 0
99 86 1
99 87 0
99 88 1
99 89 0
99 90 0
99 91 1
99 92 0
99 93 1
99 94 0
99 95 1
99 96 0
99 97 1
99 98 1
99 99 0
