500 1 
0 1 
1 1 
2 2 
3 2 
4 3 
5 3 
6 2 
7 3 
8 2 
9 3 
10 2 
11 4 
12 4 
13 4 
14 3 
16 1 
17 2 
18 2 
19 4 
20 4 
21 4 
22 1 
23 2 
24 2 
25 2 
27 4 
28 3 
29 3 
33 2 
34 3 
35 3 
36 1 
37 1 
38 2 
39 3 
40 4 
41 4 
42 2 
43 4 
44 3 
45 1 
46 4 
47 4 
48 4 
49 1 
50 4 
51 3 
52 1 
54 1 
55 3 
56 3 
57 2 
58 3 
59 2 
61 3 
62 3 
63 1 
64 1 
65 1 
67 2 
68 2 
69 2 
71 1 
72 2 
73 3 
74 1 
75 1 
76 4 
78 1 
79 4 
80 1 
82 3 
83 3 
84 1 
85 4 
86 2 
88 1 
90 2 
91 2 
92 3 
94 3 
96 2 
97 4 
98 3 
99 4 
100 1 
101 3 
102 1 
103 4 
104 2 
105 2 
107 2 
108 3 
109 1 
110 1 
112 2 
113 4 
114 3 
115 4 
116 4 
118 4 
119 1 
121 2 
122 3 
123 4 
124 3 
125 2 
128 1 
129 3 
131 3 
132 1 
133 2 
134 2 
135 4 
136 4 
137 3 
138 2 
139 3 
141 3 
142 3 
143 3 
144 3 
145 1 
146 2 
147 3 
148 2 
149 2 
150 4 
151 3 
152 4 
153 3 
154 2 
155 2 
157 2 
158 3 
159 2 
161 3 
163 2 
165 3 
166 2 
168 2 
169 4 
170 3 
171 2 
172 3 
173 2 
175 2 
176 4 
177 3 
179 1 
184 3 
185 2 
186 2 
187 3 
189 1 
190 1 
191 1 
192 4 
193 2 
194 4 
197 1 
198 1 
199 2 
200 1 
203 4 
204 2 
205 1 
206 2 
207 1 
208 4 
209 3 
210 3 
211 4 
212 3 
213 3 
214 4 
215 1 
216 1 
217 2 
219 2 
220 3 
221 1 
222 3 
223 3 
224 4 
225 3 
226 4 
229 1 
230 3 
231 1 
232 1 
233 3 
234 1 
235 4 
236 4 
237 3 
238 1 
239 3 
240 1 
241 4 
242 3 
244 3 
245 3 
246 1 
249 2 
250 2 
251 4 
252 3 
253 1 
254 3 
255 3 
256 4 
257 3 
258 3 
259 4 
260 4 
261 1 
262 1 
264 4 
265 2 
267 4 
268 1 
269 1 
270 3 
271 3 
272 1 
273 1 
274 3 
275 4 
279 1 
280 2 
281 2 
283 1 
284 4 
285 4 
286 4 
287 3 
288 2 
289 2 
290 3 
291 2 
292 3 
294 2 
295 3 
296 2 
297 2 
298 2 
299 4 
300 4 
302 2 
304 2 
307 2 
308 1 
310 3 
311 3 
312 2 
313 4 
314 4 
315 1 
316 4 
317 3 
319 1 
321 4 
322 3 
323 4 
324 4 
325 1 
326 2 
327 2 
328 4 
329 4 
330 1 
331 3 
332 4 
333 4 
334 4 
335 2 
337 4 
338 4 
339 1 
340 4 
341 2 
342 4 
343 2 
344 2 
345 4 
346 4 
347 1 
348 2 
350 3 
351 3 
352 4 
353 2 
354 2 
355 4 
356 3 
358 2 
359 3 
360 4 
361 4 
362 2 
363 4 
364 3 
365 1 
366 1 
367 4 
372 3 
374 2 
375 1 
376 4 
377 1 
378 2 
379 2 
380 1 
381 1 
382 1 
383 1 
384 3 
385 3 
386 1 
387 2 
388 3 
389 3 
390 1 
391 3 
392 2 
393 3 
394 2 
395 1 
397 4 
400 4 
401 1 
403 3 
404 2 
405 2 
407 1 
408 4 
409 2 
410 4 
412 4 
414 1 
415 2 
416 4 
417 2 
418 4 
419 3 
420 1 
421 1 
422 1 
423 4 
424 4 
425 4 
426 1 
427 4 
428 3 
429 1 
431 3 
432 3 
433 1 
434 2 
436 4 
437 2 
438 2 
439 3 
441 1 
442 3 
443 4 
444 1 
446 1 
448 3 
449 1 
450 4 
451 4 
452 2 
454 4 
455 2 
456 4 
458 2 
459 2 
460 2 
461 2 
462 1 
464 3 
465 3 
466 1 
467 2 
469 3 
470 1 
474 4 
475 2 
477 1 
478 3 
479 4 
480 3 
481 2 
482 3 
484 2 
485 2 
486 3 
487 2 
488 2 
491 4 
492 3 
493 1 
495 1 
496 4 
497 1 
498 4 
499 4 
