100 100
0 1 1 
0 2 3 
0 4 2 
0 6 1 
0 7 3 
0 8 3 
0 9 2 
0 10 1 
0 12 1 
0 13 2 
0 14 3 
0 15 1 
0 16 4 
0 18 1 
0 19 2 
0 20 1 
0 21 4 
0 22 4 
0 23 1 
0 24 2 
0 25 1 
0 26 1 
0 27 1 
0 30 4 
0 32 2 
0 33 3 
0 34 1 
0 35 4 
0 36 4 
0 37 2 
0 38 2 
0 39 2 
0 40 4 
0 41 4 
0 42 3 
0 43 1 
0 44 1 
0 45 1 
0 46 3 
0 47 1 
0 48 2 
0 49 4 
0 50 4 
0 51 3 
0 52 4 
0 53 3 
0 55 1 
0 57 1 
0 58 3 
0 59 1 
0 60 2 
0 61 3 
0 62 2 
0 63 4 
0 64 1 
0 65 3 
0 66 3 
0 69 1 
0 70 3 
0 73 2 
0 74 1 
0 75 2 
0 76 3 
0 78 3 
0 80 4 
0 81 2 
0 82 3 
0 83 4 
0 84 1 
0 85 3 
0 86 1 
0 87 2 
0 90 3 
0 91 2 
0 92 3 
0 94 1 
0 96 3 
0 98 1 
0 99 4 
1 0 1 
1 3 1 
1 4 2 
1 5 1 
1 6 4 
1 8 2 
1 9 2 
1 10 1 
1 11 2 
1 12 4 
1 14 1 
1 15 1 
1 16 4 
1 17 3 
1 18 3 
1 19 4 
1 20 3 
1 21 1 
1 22 2 
1 23 2 
1 24 1 
1 25 4 
1 26 2 
1 28 4 
1 29 4 
1 31 1 
1 32 4 
1 34 3 
1 35 1 
1 36 2 
1 37 2 
1 38 2 
1 39 4 
1 40 4 
1 41 3 
1 42 1 
1 43 4 
1 44 4 
1 45 3 
1 47 3 
1 48 1 
1 49 3 
1 50 3 
1 51 4 
1 54 2 
1 55 2 
1 58 2 
1 60 4 
1 61 2 
1 62 1 
1 63 3 
1 64 3 
1 65 4 
1 68 1 
1 69 2 
1 70 4 
1 76 3 
1 78 3 
1 80 4 
1 81 1 
1 83 4 
1 84 2 
1 85 2 
1 86 1 
1 87 3 
1 88 2 
1 89 4 
1 90 3 
1 91 1 
1 92 2 
1 93 4 
1 96 3 
1 98 1 
2 0 2 
2 2 1 
2 3 3 
2 4 1 
2 5 1 
2 6 3 
2 8 2 
2 9 2 
2 11 1 
2 12 3 
2 14 1 
2 15 1 
2 16 3 
2 17 2 
2 18 4 
2 20 2 
2 21 2 
2 22 2 
2 24 2 
2 25 2 
2 27 1 
2 28 3 
2 29 1 
2 30 1 
2 31 1 
2 32 2 
2 33 2 
2 34 4 
2 35 4 
2 36 4 
2 37 3 
2 38 4 
2 39 1 
2 42 3 
2 43 4 
2 44 1 
2 45 4 
2 46 1 
2 47 4 
2 48 1 
2 51 4 
2 52 3 
2 53 2 
2 54 4 
2 58 1 
2 59 4 
2 60 2 
2 61 2 
2 66 4 
2 68 3 
2 69 4 
2 70 1 
2 71 4 
2 73 4 
2 74 4 
2 75 1 
2 76 4 
2 78 1 
2 79 1 
2 80 1 
2 81 1 
2 83 4 
2 84 4 
2 86 4 
2 90 4 
2 91 3 
2 92 3 
2 93 4 
2 94 3 
2 95 4 
2 97 3 
2 99 3 
3 0 2 
3 1 1 
3 2 3 
3 3 2 
3 4 1 
3 5 3 
3 6 4 
3 7 1 
3 8 3 
3 10 2 
3 11 4 
3 12 2 
3 13 2 
3 14 3 
3 15 2 
3 16 2 
3 17 3 
3 18 2 
3 19 3 
3 20 4 
3 21 2 
3 22 2 
3 23 2 
3 24 2 
3 26 2 
3 27 2 
3 28 3 
3 29 2 
3 30 1 
3 31 1 
3 32 4 
3 34 3 
3 35 1 
3 36 3 
3 37 2 
3 38 2 
3 39 2 
3 40 3 
3 41 4 
3 42 1 
3 44 2 
3 46 3 
3 48 3 
3 49 1 
3 50 3 
3 51 3 
3 52 3 
3 53 1 
3 55 1 
3 56 1 
3 57 3 
3 58 3 
3 60 1 
3 62 1 
3 66 2 
3 67 3 
3 68 3 
3 69 4 
3 71 2 
3 72 4 
3 73 2 
3 74 3 
3 75 1 
3 76 3 
3 77 1 
3 78 1 
3 79 2 
3 80 2 
3 83 1 
3 84 1 
3 85 1 
3 86 3 
3 87 3 
3 88 4 
3 89 2 
3 90 4 
3 91 1 
3 92 2 
3 93 1 
3 94 1 
3 95 2 
3 96 1 
3 97 4 
3 98 1 
4 0 3 
4 1 2 
4 2 2 
4 3 3 
4 4 4 
4 6 4 
4 7 3 
4 8 2 
4 9 1 
4 12 1 
4 14 1 
4 15 3 
4 16 1 
4 18 2 
4 19 1 
4 20 2 
4 21 1 
4 22 2 
4 23 4 
4 24 2 
4 25 4 
4 26 2 
4 27 4 
4 28 3 
4 29 3 
4 30 4 
4 31 2 
4 32 1 
4 33 2 
4 35 1 
4 36 3 
4 38 4 
4 40 1 
4 41 4 
4 42 1 
4 43 3 
4 45 3 
4 46 1 
4 47 1 
4 48 3 
4 49 4 
4 50 3 
4 53 1 
4 54 4 
4 55 2 
4 56 1 
4 57 2 
4 58 2 
4 59 4 
4 60 1 
4 61 1 
4 62 2 
4 63 2 
4 64 4 
4 65 2 
4 66 3 
4 67 3 
4 68 2 
4 69 2 
4 70 4 
4 71 4 
4 72 2 
4 74 2 
4 75 2 
4 76 3 
4 77 4 
4 78 4 
4 79 1 
4 80 3 
4 81 2 
4 82 1 
4 83 3 
4 84 4 
4 85 1 
4 86 1 
4 88 3 
4 89 3 
4 93 3 
4 94 2 
4 97 1 
4 98 3 
4 99 3 
5 0 3 
5 1 2 
5 2 3 
5 3 1 
5 4 2 
5 5 1 
5 6 3 
5 7 1 
5 9 2 
5 10 2 
5 11 4 
5 13 4 
5 14 3 
5 19 4 
5 20 3 
5 21 1 
5 22 4 
5 23 4 
5 24 4 
5 25 2 
5 26 4 
5 28 3 
5 29 3 
5 30 4 
5 31 2 
5 32 1 
5 33 2 
5 34 3 
5 35 3 
5 36 4 
5 37 1 
5 38 4 
5 39 4 
5 40 3 
5 41 2 
5 42 4 
5 43 4 
5 44 1 
5 45 2 
5 46 4 
5 47 1 
5 48 2 
5 50 1 
5 51 1 
5 52 1 
5 55 1 
5 56 3 
5 58 2 
5 59 1 
5 60 4 
5 61 1 
5 62 3 
5 64 4 
5 65 1 
5 66 4 
5 67 3 
5 68 3 
5 69 4 
5 70 3 
5 71 2 
5 72 1 
5 73 2 
5 74 1 
5 75 2 
5 77 1 
5 78 4 
5 79 2 
5 80 1 
5 81 1 
5 82 3 
5 83 3 
5 84 1 
5 85 4 
5 86 4 
5 89 2 
5 90 1 
5 91 4 
5 92 4 
5 93 4 
5 95 4 
5 96 1 
5 97 4 
5 98 2 
5 99 4 
6 0 3 
6 1 1 
6 2 2 
6 3 4 
6 4 4 
6 5 3 
6 6 2 
6 7 4 
6 8 4 
6 9 1 
6 10 2 
6 11 1 
6 12 3 
6 13 1 
6 14 4 
6 16 1 
6 17 4 
6 19 1 
6 20 1 
6 21 1 
6 22 1 
6 24 1 
6 25 1 
6 26 4 
6 27 2 
6 29 2 
6 30 2 
6 31 4 
6 32 4 
6 33 4 
6 34 3 
6 35 3 
6 36 3 
6 37 1 
6 38 3 
6 39 3 
6 40 3 
6 42 4 
6 43 1 
6 44 1 
6 45 4 
6 46 1 
6 47 2 
6 48 3 
6 49 1 
6 50 4 
6 52 2 
6 53 1 
6 54 1 
6 55 3 
6 56 2 
6 57 1 
6 58 1 
6 59 3 
6 60 4 
6 61 4 
6 62 2 
6 63 3 
6 64 3 
6 65 1 
6 66 2 
6 67 2 
6 68 2 
6 69 1 
6 71 1 
6 72 1 
6 73 4 
6 74 2 
6 75 3 
6 76 3 
6 77 3 
6 78 1 
6 79 2 
6 80 4 
6 82 2 
6 83 2 
6 84 1 
6 85 4 
6 86 1 
6 87 4 
6 89 2 
6 90 3 
6 92 2 
6 93 1 
6 94 3 
6 95 1 
6 96 3 
6 97 1 
6 98 3 
6 99 1 
7 0 2 
7 1 3 
7 2 2 
7 3 4 
7 4 3 
7 5 4 
7 6 2 
7 7 2 
7 8 3 
7 9 4 
7 10 4 
7 11 2 
7 12 4 
7 13 2 
7 15 1 
7 16 1 
7 17 1 
7 18 1 
7 19 2 
7 20 4 
7 21 4 
7 22 2 
7 23 2 
7 25 1 
7 26 3 
7 27 3 
7 28 3 
7 29 1 
7 30 4 
7 33 1 
7 35 3 
7 36 1 
7 37 2 
7 39 4 
7 40 1 
7 42 2 
7 43 1 
7 44 2 
7 45 2 
7 46 3 
7 47 4 
7 48 4 
7 49 4 
7 50 2 
7 51 4 
7 52 3 
7 53 4 
7 54 1 
7 55 4 
7 56 1 
7 57 4 
7 58 2 
7 59 4 
7 60 1 
7 61 2 
7 63 1 
7 64 4 
7 66 4 
7 68 3 
7 70 4 
7 73 2 
7 74 1 
7 75 2 
7 77 4 
7 78 2 
7 80 3 
7 81 4 
7 82 4 
7 83 2 
7 84 4 
7 85 1 
7 86 1 
7 87 1 
7 89 4 
7 90 1 
7 91 1 
7 92 1 
7 93 1 
7 94 2 
7 96 2 
7 97 2 
7 98 1 
8 0 2 
8 1 1 
8 3 3 
8 4 3 
8 5 2 
8 7 4 
8 8 1 
8 9 3 
8 10 4 
8 12 3 
8 13 3 
8 14 3 
8 15 3 
8 16 4 
8 18 4 
8 20 4 
8 22 1 
8 23 1 
8 24 1 
8 25 4 
8 26 2 
8 27 3 
8 28 2 
8 29 3 
8 30 4 
8 31 4 
8 33 4 
8 34 2 
8 35 3 
8 36 1 
8 37 3 
8 38 2 
8 39 3 
8 40 2 
8 41 1 
8 42 4 
8 45 2 
8 46 3 
8 48 2 
8 49 3 
8 51 2 
8 52 3 
8 53 2 
8 54 3 
8 56 2 
8 57 1 
8 58 4 
8 59 4 
8 61 3 
8 62 4 
8 64 3 
8 65 2 
8 66 3 
8 68 1 
8 69 1 
8 70 3 
8 71 4 
8 72 3 
8 73 3 
8 75 4 
8 77 3 
8 78 4 
8 79 3 
8 80 2 
8 82 1 
8 84 2 
8 85 4 
8 87 4 
8 88 1 
8 90 4 
8 91 1 
8 92 4 
8 93 4 
8 94 1 
8 95 2 
8 96 1 
8 98 2 
8 99 3 
9 0 2 
9 1 1 
9 2 2 
9 3 1 
9 4 4 
9 5 2 
9 8 1 
9 10 4 
9 11 3 
9 14 4 
9 15 2 
9 18 2 
9 19 1 
9 21 2 
9 22 3 
9 23 4 
9 24 1 
9 25 4 
9 26 2 
9 27 3 
9 29 4 
9 30 2 
9 31 2 
9 32 1 
9 34 3 
9 35 1 
9 36 3 
9 37 4 
9 38 2 
9 39 4 
9 40 4 
9 41 1 
9 42 3 
9 43 4 
9 44 2 
9 45 2 
9 46 2 
9 47 3 
9 48 2 
9 51 3 
9 52 3 
9 53 3 
9 54 2 
9 56 3 
9 58 3 
9 59 3 
9 60 4 
9 61 1 
9 63 1 
9 64 1 
9 65 4 
9 66 2 
9 67 4 
9 68 3 
9 69 4 
9 70 4 
9 71 3 
9 72 1 
9 73 2 
9 74 2 
9 75 3 
9 78 1 
9 79 3 
9 80 1 
9 81 1 
9 82 1 
9 83 4 
9 85 4 
9 86 4 
9 87 3 
9 88 4 
9 89 3 
9 90 1 
9 91 4 
9 92 4 
9 93 2 
9 95 1 
9 96 1 
9 97 3 
10 0 2 
10 2 3 
10 3 4 
10 4 2 
10 5 1 
10 6 3 
10 7 3 
10 8 1 
10 10 1 
10 11 2 
10 12 2 
10 13 2 
10 14 2 
10 15 2 
10 16 1 
10 17 1 
10 19 1 
10 20 4 
10 21 2 
10 23 4 
10 24 4 
10 27 1 
10 28 4 
10 29 1 
10 30 1 
10 31 2 
10 32 1 
10 33 4 
10 34 1 
10 35 4 
10 36 1 
10 37 4 
10 38 3 
10 39 2 
10 40 4 
10 41 4 
10 43 2 
10 44 1 
10 45 2 
10 46 4 
10 47 3 
10 48 3 
10 51 3 
10 52 2 
10 54 2 
10 55 1 
10 56 1 
10 57 3 
10 58 2 
10 61 4 
10 62 3 
10 63 2 
10 64 4 
10 65 4 
10 66 2 
10 68 4 
10 70 2 
10 71 4 
10 72 4 
10 73 3 
10 74 1 
10 75 1 
10 79 4 
10 80 1 
10 82 3 
10 83 3 
10 84 1 
10 85 1 
10 87 3 
10 88 4 
10 89 3 
10 90 4 
10 92 2 
10 93 2 
10 94 2 
10 95 2 
10 96 1 
10 97 4 
10 98 2 
11 0 4 
11 3 3 
11 4 3 
11 5 1 
11 7 4 
11 8 2 
11 10 4 
11 11 3 
11 12 1 
11 13 2 
11 14 2 
11 15 2 
11 16 4 
11 17 2 
11 19 4 
11 20 1 
11 21 4 
11 22 4 
11 23 4 
11 24 1 
11 25 1 
11 26 1 
11 27 3 
11 28 1 
11 29 4 
11 30 4 
11 32 4 
11 33 4 
11 34 4 
11 35 3 
11 37 4 
11 38 3 
11 39 3 
11 41 2 
11 42 1 
11 43 1 
11 45 4 
11 46 4 
11 47 4 
11 48 2 
11 49 4 
11 50 4 
11 51 3 
11 52 4 
11 53 3 
11 54 3 
11 55 1 
11 57 4 
11 59 1 
11 60 3 
11 61 4 
11 62 1 
11 63 3 
11 64 3 
11 65 1 
11 66 1 
11 67 4 
11 68 1 
11 70 2 
11 71 1 
11 72 3 
11 73 4 
11 74 3 
11 75 3 
11 76 3 
11 77 2 
11 78 3 
11 80 2 
11 81 2 
11 82 4 
11 83 1 
11 84 1 
11 85 2 
11 86 3 
11 87 1 
11 88 2 
11 89 3 
11 90 2 
11 91 1 
11 92 3 
11 93 4 
11 94 4 
11 95 1 
11 97 1 
11 98 1 
11 99 1 
12 0 1 
12 1 3 
12 2 3 
12 3 4 
12 4 3 
12 5 1 
12 6 3 
12 7 2 
12 8 3 
12 9 2 
12 10 2 
12 12 4 
12 13 2 
12 14 2 
12 16 4 
12 17 1 
12 18 2 
12 19 2 
12 21 4 
12 22 3 
12 23 3 
12 24 3 
12 25 2 
12 26 4 
12 27 3 
12 28 4 
12 29 1 
12 31 1 
12 33 3 
12 34 1 
12 35 3 
12 36 4 
12 37 4 
12 39 3 
12 40 1 
12 41 3 
12 42 4 
12 43 1 
12 44 1 
12 45 2 
12 46 2 
12 48 3 
12 49 4 
12 50 3 
12 51 3 
12 52 4 
12 53 1 
12 54 1 
12 55 2 
12 56 4 
12 57 1 
12 58 1 
12 59 3 
12 60 2 
12 61 2 
12 63 3 
12 65 1 
12 66 1 
12 69 2 
12 70 4 
12 71 2 
12 72 1 
12 73 3 
12 74 4 
12 75 2 
12 77 1 
12 78 3 
12 79 3 
12 80 1 
12 81 1 
12 82 2 
12 84 2 
12 85 4 
12 86 2 
12 87 1 
12 89 4 
12 91 3 
12 92 1 
12 94 1 
12 95 2 
12 96 1 
12 97 3 
12 98 3 
12 99 2 
13 1 2 
13 2 4 
13 3 1 
13 5 3 
13 6 4 
13 7 1 
13 9 2 
13 10 4 
13 11 1 
13 12 3 
13 13 2 
13 14 2 
13 16 1 
13 18 2 
13 19 2 
13 20 4 
13 21 2 
13 24 3 
13 25 2 
13 26 3 
13 27 4 
13 29 1 
13 30 1 
13 31 1 
13 32 3 
13 33 1 
13 34 3 
13 35 4 
13 37 2 
13 39 1 
13 40 4 
13 42 3 
13 43 2 
13 44 2 
13 46 3 
13 47 3 
13 51 4 
13 52 3 
13 53 1 
13 55 1 
13 56 3 
13 57 4 
13 59 3 
13 61 2 
13 63 3 
13 64 4 
13 65 3 
13 66 3 
13 69 3 
13 70 1 
13 71 4 
13 72 3 
13 73 4 
13 74 2 
13 75 1 
13 78 4 
13 79 1 
13 80 1 
13 83 4 
13 84 2 
13 85 1 
13 89 1 
13 90 4 
13 91 1 
13 92 3 
13 95 2 
13 96 3 
13 97 3 
13 98 3 
13 99 3 
14 0 1 
14 1 4 
14 2 3 
14 4 4 
14 5 1 
14 6 1 
14 8 1 
14 9 1 
14 10 1 
14 11 2 
14 12 2 
14 13 2 
14 14 2 
14 15 4 
14 16 4 
14 17 2 
14 20 3 
14 22 1 
14 23 2 
14 25 1 
14 27 3 
14 29 3 
14 30 2 
14 31 1 
14 32 3 
14 34 1 
14 35 2 
14 36 1 
14 37 2 
14 38 3 
14 39 3 
14 40 3 
14 41 4 
14 42 1 
14 44 1 
14 45 3 
14 48 1 
14 51 4 
14 52 1 
14 53 2 
14 54 2 
14 55 1 
14 56 3 
14 57 2 
14 59 3 
14 61 2 
14 63 3 
14 64 3 
14 65 2 
14 66 1 
14 68 4 
14 69 4 
14 70 3 
14 71 3 
14 72 3 
14 74 4 
14 76 4 
14 77 4 
14 78 1 
14 81 1 
14 83 1 
14 84 4 
14 85 2 
14 86 3 
14 87 2 
14 88 4 
14 89 3 
14 90 1 
14 93 2 
14 94 4 
14 95 4 
14 96 4 
14 98 4 
14 99 4 
15 0 4 
15 1 3 
15 2 2 
15 3 3 
15 4 3 
15 5 2 
15 6 4 
15 7 2 
15 8 2 
15 10 3 
15 11 3 
15 12 2 
15 13 3 
15 15 1 
15 16 1 
15 17 3 
15 18 3 
15 19 1 
15 20 1 
15 22 1 
15 23 2 
15 24 3 
15 26 1 
15 27 2 
15 28 1 
15 30 1 
15 31 1 
15 32 3 
15 33 4 
15 34 4 
15 35 2 
15 36 2 
15 37 4 
15 40 4 
15 41 3 
15 42 3 
15 43 1 
15 44 2 
15 45 3 
15 46 2 
15 47 3 
15 48 1 
15 49 1 
15 50 4 
15 51 3 
15 52 2 
15 53 1 
15 56 1 
15 57 1 
15 58 3 
15 59 3 
15 60 2 
15 61 4 
15 62 4 
15 63 1 
15 64 4 
15 65 4 
15 66 3 
15 67 2 
15 68 3 
15 69 3 
15 70 2 
15 71 2 
15 72 2 
15 74 4 
15 75 4 
15 76 3 
15 77 1 
15 78 2 
15 80 3 
15 81 2 
15 82 3 
15 84 3 
15 85 3 
15 89 3 
15 90 3 
15 91 3 
15 92 3 
15 93 3 
15 94 4 
15 95 3 
15 96 2 
15 97 3 
16 0 2 
16 1 2 
16 2 2 
16 3 4 
16 4 3 
16 5 1 
16 6 3 
16 7 1 
16 8 3 
16 9 1 
16 10 2 
16 11 1 
16 12 4 
16 14 1 
16 15 3 
16 16 4 
16 17 2 
16 18 3 
16 20 1 
16 21 2 
16 22 3 
16 25 3 
16 26 3 
16 27 2 
16 28 1 
16 29 4 
16 30 3 
16 31 4 
16 32 2 
16 33 1 
16 34 3 
16 36 3 
16 37 2 
16 38 2 
16 39 1 
16 40 3 
16 41 4 
16 42 3 
16 43 3 
16 44 4 
16 45 4 
16 46 1 
16 47 4 
16 48 2 
16 50 4 
16 51 4 
16 52 2 
16 53 3 
16 54 4 
16 55 3 
16 56 1 
16 57 3 
16 58 1 
16 59 3 
16 60 2 
16 61 4 
16 62 2 
16 63 4 
16 64 1 
16 66 4 
16 67 4 
16 68 2 
16 69 1 
16 71 1 
16 72 1 
16 73 3 
16 74 4 
16 76 3 
16 77 1 
16 79 1 
16 80 1 
16 81 4 
16 83 4 
16 84 2 
16 85 4 
16 86 3 
16 87 4 
16 88 2 
16 89 4 
16 90 2 
16 92 4 
16 93 4 
16 94 4 
16 97 4 
16 98 4 
16 99 3 
17 3 1 
17 4 4 
17 5 4 
17 6 2 
17 7 3 
17 8 1 
17 9 3 
17 10 4 
17 11 2 
17 12 2 
17 13 4 
17 14 1 
17 16 4 
17 17 4 
17 19 2 
17 20 4 
17 21 2 
17 22 2 
17 23 3 
17 24 2 
17 25 1 
17 26 4 
17 27 3 
17 28 1 
17 29 4 
17 30 1 
17 31 1 
17 33 1 
17 34 3 
17 35 4 
17 36 1 
17 37 1 
17 38 2 
17 39 2 
17 40 4 
17 41 2 
17 42 4 
17 43 2 
17 44 1 
17 45 1 
17 46 3 
17 47 1 
17 49 3 
17 50 3 
17 52 1 
17 54 4 
17 55 4 
17 56 2 
17 57 3 
17 58 2 
17 59 3 
17 60 3 
17 61 3 
17 63 3 
17 65 4 
17 66 3 
17 67 1 
17 68 1 
17 69 1 
17 70 4 
17 72 4 
17 73 3 
17 74 3 
17 75 1 
17 76 4 
17 77 1 
17 78 2 
17 83 2 
17 84 1 
17 85 4 
17 86 2 
17 87 4 
17 88 3 
17 89 4 
17 90 2 
17 91 2 
17 92 3 
17 93 3 
17 94 1 
17 95 3 
17 96 2 
17 99 3 
18 0 1 
18 1 4 
18 2 4 
18 3 1 
18 4 3 
18 5 3 
18 6 2 
18 7 3 
18 8 4 
18 9 4 
18 10 4 
18 13 4 
18 14 3 
18 15 2 
18 16 4 
18 18 1 
18 19 3 
18 21 4 
18 23 3 
18 24 2 
18 25 2 
18 26 2 
18 28 2 
18 29 3 
18 30 4 
18 31 4 
18 32 3 
18 33 4 
18 35 1 
18 36 2 
18 37 2 
18 38 4 
18 39 2 
18 40 1 
18 41 3 
18 42 2 
18 43 2 
18 44 3 
18 45 1 
18 46 4 
18 47 3 
18 48 1 
18 50 1 
18 51 1 
18 52 4 
18 53 2 
18 55 2 
18 56 4 
18 57 3 
18 58 3 
18 59 1 
18 60 1 
18 61 2 
18 63 4 
18 64 1 
18 66 1 
18 67 4 
18 68 3 
18 70 1 
18 71 4 
18 72 4 
18 73 3 
18 74 1 
18 75 2 
18 76 4 
18 77 1 
18 78 1 
18 79 1 
18 80 1 
18 81 3 
18 82 3 
18 83 1 
18 85 3 
18 86 4 
18 88 2 
18 89 2 
18 90 1 
18 91 4 
18 92 4 
18 93 2 
18 94 3 
18 95 1 
18 96 3 
18 99 1 
19 1 1 
19 2 1 
19 5 3 
19 6 3 
19 8 4 
19 9 4 
19 10 2 
19 11 1 
19 12 2 
19 14 2 
19 15 3 
19 16 4 
19 17 1 
19 18 3 
19 19 1 
19 20 3 
19 23 3 
19 24 3 
19 25 4 
19 27 1 
19 28 4 
19 29 1 
19 30 3 
19 32 3 
19 33 4 
19 34 1 
19 35 4 
19 36 3 
19 37 4 
19 39 2 
19 40 4 
19 41 2 
19 42 3 
19 43 2 
19 44 3 
19 45 1 
19 47 2 
19 48 2 
19 49 3 
19 50 4 
19 51 1 
19 52 4 
19 55 2 
19 57 1 
19 58 4 
19 60 2 
19 61 3 
19 62 1 
19 63 1 
19 64 3 
19 65 3 
19 67 1 
19 68 2 
19 69 1 
19 70 3 
19 71 2 
19 72 3 
19 73 2 
19 74 4 
19 75 2 
19 76 3 
19 79 1 
19 80 4 
19 82 3 
19 83 3 
19 85 3 
19 86 1 
19 87 1 
19 88 4 
19 90 2 
19 91 2 
19 92 4 
19 93 3 
19 94 4 
19 95 2 
19 96 1 
19 98 3 
19 99 4 
20 0 1 
20 1 2 
20 2 2 
20 4 4 
20 5 1 
20 6 2 
20 7 3 
20 8 1 
20 9 2 
20 10 4 
20 12 2 
20 13 2 
20 14 4 
20 15 3 
20 16 1 
20 18 4 
20 19 1 
20 20 1 
20 21 1 
20 22 4 
20 25 3 
20 26 2 
20 27 2 
20 28 3 
20 29 1 
20 30 1 
20 31 4 
20 32 3 
20 33 3 
20 34 4 
20 35 3 
20 37 2 
20 38 1 
20 39 2 
20 40 4 
20 41 1 
20 42 2 
20 43 2 
20 44 4 
20 45 2 
20 48 2 
20 50 2 
20 51 4 
20 52 2 
20 53 1 
20 55 2 
20 57 2 
20 58 4 
20 59 4 
20 60 4 
20 61 1 
20 62 4 
20 63 2 
20 65 4 
20 67 1 
20 68 1 
20 69 1 
20 70 3 
20 71 1 
20 72 3 
20 73 1 
20 74 3 
20 75 2 
20 76 3 
20 77 3 
20 78 3 
20 79 1 
20 80 4 
20 82 1 
20 83 1 
20 84 2 
20 85 1 
20 86 4 
20 87 2 
20 88 4 
20 89 4 
20 90 2 
20 91 3 
20 93 1 
20 95 1 
20 97 1 
20 98 2 
20 99 1 
21 0 3 
21 1 1 
21 2 2 
21 3 1 
21 4 2 
21 6 3 
21 7 1 
21 8 4 
21 9 1 
21 10 3 
21 11 3 
21 12 2 
21 13 4 
21 15 4 
21 17 4 
21 18 2 
21 19 4 
21 20 3 
21 21 4 
21 22 2 
21 23 4 
21 25 3 
21 28 4 
21 29 3 
21 30 2 
21 31 2 
21 32 4 
21 34 4 
21 35 2 
21 37 2 
21 38 4 
21 40 4 
21 41 2 
21 42 4 
21 43 1 
21 44 1 
21 45 4 
21 47 1 
21 48 3 
21 49 3 
21 50 1 
21 51 2 
21 52 2 
21 53 3 
21 54 1 
21 55 3 
21 56 2 
21 57 2 
21 58 4 
21 59 2 
21 61 1 
21 64 1 
21 65 4 
21 66 2 
21 67 2 
21 68 1 
21 69 1 
21 70 3 
21 71 1 
21 72 4 
21 73 2 
21 74 2 
21 76 2 
21 77 3 
21 78 2 
21 79 1 
21 80 1 
21 81 3 
21 82 3 
21 83 4 
21 84 1 
21 86 3 
21 87 4 
21 88 2 
21 89 2 
21 90 1 
21 91 2 
21 92 4 
21 93 1 
21 94 3 
21 95 1 
21 98 3 
21 99 2 
22 0 2 
22 1 2 
22 2 3 
22 3 2 
22 4 4 
22 6 2 
22 7 2 
22 8 4 
22 9 4 
22 10 3 
22 12 2 
22 13 2 
22 15 4 
22 16 2 
22 17 3 
22 18 3 
22 19 4 
22 20 1 
22 21 4 
22 22 2 
22 26 1 
22 27 1 
22 28 1 
22 30 3 
22 31 4 
22 32 3 
22 33 1 
22 34 1 
22 35 3 
22 36 2 
22 37 3 
22 39 1 
22 40 3 
22 41 4 
22 42 2 
22 44 1 
22 45 2 
22 47 3 
22 48 1 
22 49 3 
22 50 3 
22 51 2 
22 52 3 
22 54 3 
22 55 4 
22 56 1 
22 59 2 
22 60 1 
22 61 3 
22 62 1 
22 63 4 
22 65 2 
22 66 2 
22 67 3 
22 68 1 
22 69 2 
22 70 4 
22 72 1 
22 73 2 
22 74 1 
22 75 3 
22 76 4 
22 77 1 
22 78 1 
22 79 1 
22 82 4 
22 83 3 
22 84 1 
22 85 2 
22 86 2 
22 87 2 
22 88 2 
22 89 3 
22 90 4 
22 91 4 
22 92 1 
22 93 1 
22 94 3 
22 95 2 
22 96 4 
23 0 3 
23 2 1 
23 4 2 
23 5 2 
23 6 3 
23 7 2 
23 8 3 
23 10 3 
23 11 3 
23 13 2 
23 14 2 
23 15 1 
23 17 4 
23 18 3 
23 19 3 
23 20 2 
23 21 3 
23 22 2 
23 23 4 
23 24 4 
23 26 2 
23 27 3 
23 28 1 
23 29 2 
23 30 4 
23 31 4 
23 32 2 
23 34 4 
23 36 2 
23 37 2 
23 38 2 
23 39 1 
23 40 2 
23 41 1 
23 42 4 
23 43 3 
23 44 4 
23 45 1 
23 46 4 
23 47 4 
23 48 1 
23 49 3 
23 50 3 
23 51 4 
23 52 1 
23 54 3 
23 55 1 
23 56 1 
23 58 4 
23 59 2 
23 60 3 
23 61 4 
23 62 1 
23 63 1 
23 65 1 
23 66 1 
23 67 2 
23 68 4 
23 69 4 
23 70 3 
23 71 2 
23 73 3 
23 79 1 
23 80 3 
23 81 3 
23 84 4 
23 85 4 
23 86 1 
23 89 1 
23 90 2 
23 91 3 
23 93 4 
23 96 1 
23 97 1 
23 98 3 
24 0 1 
24 1 2 
24 2 3 
24 3 2 
24 5 3 
24 6 2 
24 7 1 
24 8 4 
24 9 2 
24 10 2 
24 11 3 
24 12 1 
24 13 3 
24 14 3 
24 16 3 
24 19 4 
24 20 1 
24 21 3 
24 22 2 
24 23 2 
24 24 3 
24 25 3 
24 26 3 
24 28 4 
24 29 2 
24 32 4 
24 33 4 
24 34 3 
24 36 2 
24 38 1 
24 39 1 
24 40 3 
24 41 4 
24 42 4 
24 43 4 
24 44 3 
24 45 3 
24 46 4 
24 47 2 
24 48 3 
24 50 1 
24 52 4 
24 53 4 
24 54 2 
24 55 3 
24 56 2 
24 57 1 
24 58 3 
24 59 1 
24 60 3 
24 61 4 
24 62 2 
24 63 2 
24 64 3 
24 66 3 
24 67 1 
24 68 1 
24 70 2 
24 71 4 
24 72 4 
24 73 2 
24 74 3 
24 75 3 
24 76 1 
24 77 3 
24 79 4 
24 80 4 
24 81 1 
24 83 3 
24 85 3 
24 86 2 
24 87 2 
24 88 4 
24 90 4 
24 91 2 
24 93 2 
24 95 3 
24 96 3 
24 97 4 
24 98 4 
24 99 4 
25 0 4 
25 1 2 
25 2 3 
25 3 3 
25 5 2 
25 6 2 
25 7 1 
25 8 1 
25 9 2 
25 10 1 
25 12 4 
25 13 1 
25 14 4 
25 15 4 
25 16 4 
25 17 1 
25 18 2 
25 19 4 
25 20 2 
25 21 1 
25 22 1 
25 23 2 
25 24 4 
25 25 2 
25 26 1 
25 27 2 
25 28 1 
25 29 1 
25 30 2 
25 32 3 
25 33 1 
25 34 4 
25 35 4 
25 36 4 
25 37 1 
25 38 1 
25 40 4 
25 41 3 
25 43 3 
25 44 4 
25 46 3 
25 47 4 
25 48 1 
25 50 3 
25 51 4 
25 52 2 
25 54 1 
25 55 2 
25 56 3 
25 57 3 
25 58 4 
25 60 4 
25 61 2 
25 63 3 
25 64 3 
25 66 3 
25 67 2 
25 68 2 
25 69 4 
25 70 2 
25 71 2 
25 72 2 
25 73 3 
25 74 1 
25 75 2 
25 76 3 
25 77 4 
25 78 2 
25 81 1 
25 82 4 
25 83 3 
25 84 2 
25 85 1 
25 91 4 
25 92 2 
25 93 1 
25 94 3 
25 95 1 
25 96 2 
25 97 1 
25 98 4 
25 99 4 
26 1 2 
26 2 2 
26 3 3 
26 5 3 
26 6 1 
26 7 4 
26 8 2 
26 9 3 
26 10 4 
26 11 2 
26 12 4 
26 13 4 
26 15 1 
26 16 1 
26 18 2 
26 19 1 
26 20 1 
26 21 2 
26 22 1 
26 23 3 
26 24 4 
26 25 4 
26 26 4 
26 27 1 
26 29 3 
26 31 1 
26 32 1 
26 33 2 
26 34 4 
26 35 1 
26 38 1 
26 39 3 
26 40 3 
26 42 1 
26 43 3 
26 45 1 
26 47 1 
26 48 2 
26 49 2 
26 50 3 
26 51 3 
26 53 4 
26 54 2 
26 55 4 
26 56 3 
26 57 2 
26 59 4 
26 60 1 
26 61 1 
26 63 2 
26 64 4 
26 65 4 
26 66 3 
26 70 3 
26 71 4 
26 72 1 
26 74 3 
26 75 1 
26 76 1 
26 77 3 
26 78 3 
26 79 4 
26 80 1 
26 81 1 
26 82 3 
26 83 1 
26 84 1 
26 87 4 
26 88 2 
26 89 1 
26 90 4 
26 91 4 
26 92 2 
26 93 4 
26 94 1 
26 95 2 
26 96 4 
26 98 2 
26 99 4 
27 1 1 
27 2 3 
27 3 1 
27 4 2 
27 5 2 
27 6 3 
27 7 3 
27 9 1 
27 10 3 
27 11 1 
27 12 3 
27 13 2 
27 14 2 
27 15 4 
27 16 2 
27 17 3 
27 18 4 
27 20 4 
27 21 3 
27 22 4 
27 23 2 
27 24 3 
27 25 1 
27 27 2 
27 28 1 
27 29 3 
27 30 1 
27 31 2 
27 34 3 
27 35 2 
27 36 2 
27 37 1 
27 38 1 
27 39 3 
27 40 3 
27 41 4 
27 42 4 
27 43 1 
27 44 1 
27 45 2 
27 46 1 
27 47 4 
27 49 1 
27 52 4 
27 54 3 
27 55 2 
27 56 1 
27 57 3 
27 59 3 
27 60 1 
27 61 1 
27 63 1 
27 64 2 
27 65 4 
27 66 4 
27 68 1 
27 70 3 
27 72 4 
27 73 2 
27 74 2 
27 75 1 
27 77 3 
27 78 1 
27 80 4 
27 81 1 
27 82 1 
27 83 4 
27 84 2 
27 86 2 
27 87 3 
27 88 3 
27 89 2 
27 90 2 
27 92 4 
27 93 3 
27 94 2 
27 95 2 
27 96 3 
27 97 1 
27 98 2 
27 99 4 
28 0 1 
28 3 1 
28 4 3 
28 5 2 
28 6 2 
28 7 3 
28 9 4 
28 10 4 
28 13 1 
28 15 2 
28 16 1 
28 17 3 
28 18 1 
28 19 4 
28 20 1 
28 21 4 
28 23 1 
28 24 3 
28 25 2 
28 26 3 
28 27 1 
28 28 4 
28 30 1 
28 33 1 
28 34 2 
28 35 4 
28 36 3 
28 37 4 
28 38 2 
28 39 4 
28 40 4 
28 41 2 
28 43 4 
28 44 3 
28 45 1 
28 46 2 
28 47 4 
28 48 4 
28 49 4 
28 50 4 
28 51 1 
28 52 4 
28 53 4 
28 54 2 
28 55 2 
28 56 2 
28 58 3 
28 59 1 
28 62 2 
28 63 1 
28 64 1 
28 65 4 
28 66 1 
28 68 4 
28 69 3 
28 70 4 
28 71 3 
28 74 3 
28 75 3 
28 76 1 
28 77 1 
28 78 3 
28 80 1 
28 81 2 
28 82 1 
28 84 2 
28 85 4 
28 86 2 
28 87 4 
28 88 4 
28 89 1 
28 90 1 
28 92 1 
28 93 3 
28 94 2 
28 95 3 
28 96 3 
28 97 3 
28 98 3 
28 99 2 
29 0 2 
29 1 3 
29 3 2 
29 4 3 
29 5 4 
29 6 1 
29 7 4 
29 11 1 
29 12 2 
29 13 2 
29 14 1 
29 15 4 
29 16 1 
29 17 4 
29 18 4 
29 20 1 
29 22 1 
29 23 3 
29 24 4 
29 25 3 
29 26 1 
29 27 2 
29 28 1 
29 31 3 
29 32 3 
29 34 1 
29 35 1 
29 37 3 
29 40 3 
29 42 1 
29 44 2 
29 45 3 
29 47 3 
29 48 3 
29 50 4 
29 54 3 
29 56 3 
29 58 2 
29 61 3 
29 62 4 
29 63 3 
29 64 3 
29 66 4 
29 67 4 
29 68 3 
29 70 4 
29 71 1 
29 72 1 
29 73 1 
29 74 2 
29 75 4 
29 77 3 
29 78 3 
29 79 4 
29 80 3 
29 81 2 
29 82 4 
29 83 4 
29 84 3 
29 85 3 
29 86 4 
29 87 2 
29 88 3 
29 89 2 
29 90 2 
29 91 4 
29 93 1 
29 94 2 
29 95 4 
29 96 2 
29 97 2 
29 98 3 
30 0 3 
30 1 3 
30 2 2 
30 3 4 
30 4 4 
30 6 3 
30 8 3 
30 9 2 
30 10 4 
30 11 2 
30 12 4 
30 13 3 
30 14 1 
30 15 3 
30 16 2 
30 19 1 
30 20 3 
30 21 2 
30 23 4 
30 24 4 
30 25 3 
30 26 3 
30 27 1 
30 29 2 
30 30 2 
30 31 4 
30 34 3 
30 35 4 
30 37 2 
30 38 4 
30 39 4 
30 40 4 
30 41 4 
30 42 1 
30 43 4 
30 44 3 
30 45 2 
30 46 2 
30 48 3 
30 49 2 
30 50 1 
30 51 2 
30 53 2 
30 54 1 
30 57 4 
30 58 2 
30 59 1 
30 60 2 
30 61 4 
30 63 2 
30 65 3 
30 66 2 
30 67 1 
30 68 1 
30 69 2 
30 71 1 
30 72 1 
30 73 2 
30 75 4 
30 76 4 
30 77 3 
30 78 4 
30 79 3 
30 80 1 
30 81 1 
30 83 2 
30 84 3 
30 85 2 
30 86 2 
30 87 3 
30 88 2 
30 89 4 
30 91 4 
30 92 4 
30 94 1 
30 96 4 
30 97 3 
30 98 1 
31 0 1 
31 1 2 
31 2 2 
31 3 2 
31 4 4 
31 5 3 
31 6 1 
31 7 4 
31 8 1 
31 9 1 
31 10 3 
31 11 3 
31 12 3 
31 13 3 
31 15 1 
31 17 3 
31 19 3 
31 20 2 
31 22 2 
31 23 2 
31 25 3 
31 26 3 
31 28 2 
31 29 4 
31 31 4 
31 32 2 
31 33 3 
31 34 1 
31 35 1 
31 36 1 
31 37 3 
31 38 1 
31 39 2 
31 40 4 
31 41 4 
31 42 1 
31 43 3 
31 44 3 
31 45 1 
31 46 4 
31 47 4 
31 48 4 
31 50 2 
31 51 2 
31 52 1 
31 53 4 
31 55 1 
31 56 3 
31 57 3 
31 58 1 
31 59 1 
31 60 3 
31 61 2 
31 64 1 
31 65 2 
31 66 2 
31 67 2 
31 69 4 
31 72 4 
31 73 1 
31 74 3 
31 75 2 
31 76 2 
31 77 3 
31 78 2 
31 79 2 
31 80 3 
31 82 4 
31 83 4 
31 86 1 
31 87 3 
31 88 3 
31 89 3 
31 91 2 
31 92 1 
31 93 1 
31 94 3 
31 95 2 
31 96 3 
31 97 1 
31 99 4 
32 2 4 
32 4 1 
32 5 3 
32 6 3 
32 7 4 
32 8 1 
32 10 1 
32 12 1 
32 13 1 
32 14 4 
32 15 1 
32 16 1 
32 17 1 
32 20 4 
32 22 3 
32 23 1 
32 24 2 
32 25 1 
32 26 4 
32 27 1 
32 28 3 
32 29 4 
32 31 4 
32 32 4 
32 34 4 
32 35 1 
32 36 3 
32 37 2 
32 39 4 
32 40 3 
32 41 2 
32 43 4 
32 44 4 
32 45 4 
32 47 1 
32 48 1 
32 49 1 
32 50 1 
32 51 1 
32 52 1 
32 54 2 
32 55 4 
32 56 1 
32 57 1 
32 59 4 
32 62 3 
32 65 3 
32 66 1 
32 67 4 
32 68 1 
32 69 2 
32 70 4 
32 71 4 
32 72 4 
32 73 4 
32 74 4 
32 75 3 
32 76 4 
32 78 4 
32 80 1 
32 81 1 
32 82 1 
32 83 3 
32 84 1 
32 85 4 
32 86 2 
32 87 3 
32 88 1 
32 89 2 
32 90 3 
32 91 2 
32 92 3 
32 93 2 
32 94 2 
32 95 4 
32 97 3 
32 98 3 
32 99 1 
33 1 3 
33 2 1 
33 4 2 
33 6 4 
33 7 1 
33 8 1 
33 9 3 
33 10 1 
33 11 2 
33 13 3 
33 15 2 
33 16 3 
33 17 3 
33 19 4 
33 20 1 
33 21 3 
33 22 1 
33 23 4 
33 24 1 
33 25 3 
33 26 4 
33 27 1 
33 28 2 
33 29 3 
33 30 3 
33 31 2 
33 32 1 
33 33 4 
33 34 3 
33 35 3 
33 37 2 
33 39 1 
33 40 1 
33 41 2 
33 42 4 
33 43 1 
33 45 4 
33 46 4 
33 47 3 
33 48 3 
33 49 4 
33 50 3 
33 51 4 
33 52 3 
33 53 4 
33 54 3 
33 55 4 
33 56 2 
33 57 2 
33 58 1 
33 62 2 
33 63 2 
33 65 1 
33 68 3 
33 70 2 
33 71 4 
33 72 2 
33 73 1 
33 74 1 
33 75 3 
33 76 1 
33 78 2 
33 79 4 
33 80 4 
33 82 3 
33 83 3 
33 84 4 
33 85 2 
33 86 3 
33 87 2 
33 90 2 
33 91 1 
33 94 3 
33 96 1 
33 97 3 
33 98 1 
33 99 4 
34 0 4 
34 1 4 
34 2 4 
34 3 2 
34 4 1 
34 7 2 
34 9 2 
34 10 2 
34 12 2 
34 13 1 
34 14 4 
34 15 2 
34 16 4 
34 17 2 
34 18 4 
34 19 4 
34 20 2 
34 21 2 
34 23 3 
34 24 2 
34 25 4 
34 26 3 
34 27 4 
34 28 2 
34 30 4 
34 31 2 
34 32 4 
34 33 3 
34 34 4 
34 36 3 
34 37 4 
34 38 3 
34 39 4 
34 40 2 
34 41 1 
34 42 4 
34 44 3 
34 45 3 
34 46 2 
34 47 2 
34 48 1 
34 49 1 
34 50 1 
34 51 3 
34 52 4 
34 53 2 
34 54 1 
34 55 1 
34 56 1 
34 59 4 
34 61 4 
34 62 1 
34 64 3 
34 65 1 
34 66 1 
34 67 1 
34 68 1 
34 70 1 
34 71 3 
34 72 1 
34 73 1 
34 74 3 
34 76 4 
34 78 2 
34 79 1 
34 80 2 
34 81 4 
34 83 2 
34 84 1 
34 85 2 
34 86 3 
34 87 3 
34 88 2 
34 89 4 
34 90 2 
34 91 3 
34 92 4 
34 93 4 
34 94 4 
34 95 2 
34 98 4 
34 99 1 
35 3 2 
35 4 2 
35 5 4 
35 6 2 
35 7 2 
35 8 4 
35 10 3 
35 11 2 
35 12 4 
35 13 3 
35 14 4 
35 17 3 
35 18 4 
35 19 3 
35 20 3 
35 21 2 
35 22 1 
35 23 2 
35 24 1 
35 25 1 
35 27 2 
35 28 1 
35 30 4 
35 31 2 
35 32 1 
35 33 4 
35 34 4 
35 35 3 
35 36 3 
35 37 2 
35 39 3 
35 40 2 
35 41 3 
35 42 1 
35 43 1 
35 44 1 
35 45 1 
35 46 2 
35 47 2 
35 48 4 
35 49 2 
35 50 1 
35 51 3 
35 52 4 
35 53 2 
35 56 4 
35 57 1 
35 58 3 
35 60 1 
35 61 2 
35 62 3 
35 63 2 
35 64 2 
35 65 2 
35 67 1 
35 71 3 
35 72 3 
35 73 1 
35 74 4 
35 76 3 
35 77 2 
35 78 3 
35 79 2 
35 80 4 
35 81 4 
35 82 1 
35 83 4 
35 84 2 
35 85 1 
35 86 4 
35 87 1 
35 88 2 
35 89 3 
35 90 2 
35 91 4 
35 94 1 
35 95 3 
35 96 3 
35 97 1 
35 98 4 
35 99 3 
36 0 1 
36 2 1 
36 4 1 
36 5 1 
36 6 1 
36 7 4 
36 8 4 
36 10 2 
36 11 4 
36 12 4 
36 13 3 
36 14 3 
36 15 2 
36 17 3 
36 18 3 
36 19 3 
36 20 2 
36 22 2 
36 23 3 
36 24 1 
36 25 3 
36 26 1 
36 27 4 
36 29 1 
36 30 3 
36 31 2 
36 32 1 
36 33 4 
36 34 2 
36 35 3 
36 36 1 
36 37 4 
36 38 3 
36 39 1 
36 40 4 
36 41 1 
36 42 1 
36 43 4 
36 45 4 
36 46 1 
36 48 3 
36 49 4 
36 50 4 
36 53 1 
36 54 3 
36 55 2 
36 58 1 
36 60 2 
36 61 4 
36 62 2 
36 63 3 
36 64 4 
36 66 2 
36 67 1 
36 70 3 
36 71 4 
36 72 1 
36 73 4 
36 74 3 
36 75 1 
36 76 4 
36 78 2 
36 79 2 
36 81 1 
36 82 3 
36 84 2 
36 85 2 
36 86 3 
36 87 2 
36 88 3 
36 89 4 
36 90 3 
36 92 4 
36 93 1 
36 94 4 
36 95 4 
36 96 1 
36 97 1 
36 99 1 
37 0 1 
37 1 3 
37 2 1 
37 3 2 
37 4 2 
37 6 4 
37 7 1 
37 9 1 
37 10 4 
37 12 2 
37 13 3 
37 14 1 
37 16 1 
37 17 4 
37 18 3 
37 19 4 
37 20 4 
37 21 1 
37 23 3 
37 24 3 
37 25 4 
37 26 2 
37 27 4 
37 29 3 
37 30 1 
37 31 1 
37 32 1 
37 33 2 
37 34 4 
37 35 4 
37 36 2 
37 37 4 
37 38 1 
37 39 3 
37 42 3 
37 43 3 
37 44 4 
37 46 4 
37 49 2 
37 51 4 
37 52 4 
37 54 2 
37 55 2 
37 56 4 
37 58 2 
37 60 3 
37 61 3 
37 62 1 
37 64 1 
37 65 1 
37 66 4 
37 67 3 
37 69 1 
37 70 2 
37 71 1 
37 72 2 
37 73 1 
37 75 1 
37 76 1 
37 77 4 
37 78 2 
37 79 1 
37 80 1 
37 81 2 
37 82 1 
37 83 1 
37 84 3 
37 85 4 
37 86 3 
37 87 3 
37 88 4 
37 90 3 
37 91 3 
37 92 4 
37 94 4 
37 96 1 
37 97 3 
37 98 4 
37 99 2 
38 1 1 
38 2 4 
38 3 2 
38 4 2 
38 5 4 
38 6 3 
38 7 4 
38 8 3 
38 9 1 
38 10 1 
38 12 4 
38 13 2 
38 14 2 
38 15 2 
38 16 1 
38 18 1 
38 19 1 
38 20 1 
38 21 4 
38 23 1 
38 24 4 
38 25 4 
38 26 1 
38 27 1 
38 28 3 
38 30 4 
38 31 3 
38 32 2 
38 33 4 
38 36 3 
38 37 4 
38 39 2 
38 41 1 
38 42 3 
38 43 4 
38 44 4 
38 46 2 
38 47 1 
38 48 1 
38 49 3 
38 50 3 
38 51 3 
38 52 3 
38 53 3 
38 54 4 
38 55 3 
38 56 2 
38 57 1 
38 58 4 
38 59 1 
38 60 2 
38 61 4 
38 62 4 
38 63 4 
38 64 3 
38 67 2 
38 68 4 
38 70 4 
38 72 1 
38 73 3 
38 74 4 
38 75 1 
38 76 3 
38 77 2 
38 78 2 
38 80 1 
38 82 3 
38 83 4 
38 84 3 
38 85 3 
38 86 2 
38 87 1 
38 88 4 
38 89 2 
38 90 2 
38 91 2 
38 92 1 
38 93 2 
38 94 2 
38 96 2 
38 97 2 
38 98 2 
38 99 2 
39 0 2 
39 1 1 
39 2 2 
39 3 4 
39 5 2 
39 7 4 
39 9 2 
39 10 4 
39 11 1 
39 12 3 
39 13 3 
39 15 2 
39 16 1 
39 17 2 
39 18 3 
39 19 1 
39 20 4 
39 21 1 
39 22 4 
39 23 1 
39 24 4 
39 25 1 
39 26 1 
39 27 2 
39 28 3 
39 29 3 
39 30 4 
39 33 2 
39 38 4 
39 40 3 
39 41 4 
39 42 1 
39 43 1 
39 44 2 
39 45 2 
39 46 3 
39 47 4 
39 48 4 
39 49 2 
39 50 1 
39 51 4 
39 52 4 
39 54 1 
39 55 3 
39 56 1 
39 57 2 
39 58 1 
39 59 4 
39 60 1 
39 61 1 
39 63 1 
39 64 3 
39 66 2 
39 67 4 
39 69 2 
39 70 4 
39 71 4 
39 72 2 
39 73 1 
39 75 4 
39 76 3 
39 77 3 
39 78 4 
39 79 3 
39 80 1 
39 82 3 
39 85 4 
39 86 4 
39 87 2 
39 88 2 
39 90 2 
39 91 3 
39 92 1 
39 93 2 
39 96 3 
39 97 3 
39 98 4 
39 99 4 
40 0 1 
40 1 4 
40 2 3 
40 3 3 
40 5 3 
40 6 2 
40 7 4 
40 8 2 
40 9 2 
40 10 2 
40 11 3 
40 12 2 
40 13 1 
40 14 4 
40 15 3 
40 17 3 
40 19 3 
40 20 4 
40 21 2 
40 22 1 
40 23 1 
40 25 2 
40 26 2 
40 27 3 
40 28 1 
40 29 1 
40 30 2 
40 31 2 
40 32 1 
40 35 2 
40 36 4 
40 37 3 
40 38 1 
40 39 2 
40 41 4 
40 42 1 
40 43 2 
40 46 1 
40 47 1 
40 48 4 
40 49 1 
40 50 4 
40 51 4 
40 52 4 
40 53 1 
40 55 4 
40 56 4 
40 57 2 
40 58 2 
40 60 4 
40 61 4 
40 62 2 
40 65 3 
40 66 2 
40 68 1 
40 69 4 
40 70 2 
40 71 2 
40 72 3 
40 73 3 
40 75 4 
40 76 4 
40 77 1 
40 78 1 
40 79 3 
40 80 3 
40 81 1 
40 82 3 
40 83 2 
40 84 3 
40 85 3 
40 86 1 
40 87 2 
40 88 1 
40 89 3 
40 90 2 
40 92 3 
40 94 1 
40 95 4 
40 96 3 
40 97 4 
40 98 4 
41 0 3 
41 1 2 
41 2 3 
41 3 2 
41 5 3 
41 6 2 
41 7 4 
41 9 3 
41 10 3 
41 11 3 
41 12 4 
41 13 1 
41 15 2 
41 17 2 
41 18 4 
41 19 1 
41 21 2 
41 22 2 
41 23 4 
41 24 3 
41 25 4 
41 26 3 
41 27 2 
41 28 4 
41 29 3 
41 30 3 
41 31 2 
41 33 1 
41 35 1 
41 37 2 
41 38 1 
41 41 4 
41 42 4 
41 44 1 
41 46 2 
41 47 2 
41 48 2 
41 49 2 
41 50 4 
41 51 3 
41 53 1 
41 54 2 
41 55 4 
41 56 1 
41 57 1 
41 58 1 
41 60 4 
41 62 3 
41 64 1 
41 65 3 
41 66 1 
41 67 1 
41 68 1 
41 69 2 
41 70 2 
41 71 2 
41 72 2 
41 73 2 
41 74 2 
41 75 4 
41 76 2 
41 78 1 
41 79 4 
41 80 3 
41 82 2 
41 83 4 
41 84 2 
41 86 4 
41 87 3 
41 88 2 
41 90 3 
41 91 2 
41 93 2 
41 94 2 
41 95 2 
41 97 3 
41 98 4 
41 99 2 
42 0 1 
42 1 1 
42 2 4 
42 3 3 
42 4 3 
42 5 2 
42 6 2 
42 7 1 
42 8 3 
42 9 3 
42 11 2 
42 12 4 
42 13 3 
42 14 1 
42 15 1 
42 16 4 
42 18 4 
42 19 1 
42 20 1 
42 21 3 
42 22 4 
42 23 2 
42 25 1 
42 26 4 
42 27 1 
42 29 4 
42 30 3 
42 31 1 
42 32 1 
42 33 3 
42 34 4 
42 36 1 
42 37 2 
42 38 1 
42 39 4 
42 41 2 
42 42 1 
42 44 1 
42 45 3 
42 46 1 
42 48 4 
42 49 1 
42 50 2 
42 51 1 
42 52 4 
42 53 1 
42 54 4 
42 56 2 
42 57 4 
42 58 1 
42 59 3 
42 60 3 
42 62 4 
42 63 4 
42 64 3 
42 65 4 
42 66 4 
42 67 4 
42 68 1 
42 69 1 
42 70 4 
42 71 2 
42 72 3 
42 73 1 
42 74 2 
42 75 4 
42 76 4 
42 77 3 
42 78 4 
42 79 4 
42 80 4 
42 81 2 
42 82 1 
42 83 4 
42 84 3 
42 86 4 
42 87 1 
42 88 4 
42 89 1 
42 91 2 
42 92 1 
42 93 4 
42 94 2 
42 95 4 
42 96 3 
42 97 1 
42 98 4 
43 0 2 
43 1 3 
43 2 2 
43 3 1 
43 4 4 
43 7 4 
43 8 4 
43 10 3 
43 11 3 
43 12 3 
43 13 4 
43 14 3 
43 15 1 
43 17 2 
43 18 3 
43 19 4 
43 20 3 
43 21 3 
43 22 1 
43 24 3 
43 25 3 
43 26 4 
43 27 2 
43 29 4 
43 30 2 
43 31 3 
43 32 2 
43 34 4 
43 35 2 
43 38 1 
43 39 4 
43 42 3 
43 43 3 
43 45 2 
43 49 4 
43 51 4 
43 52 3 
43 53 1 
43 54 4 
43 55 1 
43 57 4 
43 58 4 
43 60 3 
43 61 1 
43 62 4 
43 63 1 
43 64 2 
43 65 3 
43 66 3 
43 67 3 
43 68 4 
43 70 2 
43 71 4 
43 72 1 
43 73 1 
43 74 3 
43 75 2 
43 76 4 
43 77 4 
43 78 3 
43 79 4 
43 80 4 
43 81 3 
43 82 3 
43 83 2 
43 85 3 
43 86 4 
43 88 2 
43 89 3 
43 90 1 
43 91 1 
43 93 1 
43 94 2 
43 95 2 
43 96 4 
43 97 1 
43 99 3 
44 0 2 
44 1 3 
44 2 3 
44 3 4 
44 5 2 
44 6 1 
44 7 4 
44 8 1 
44 9 4 
44 10 4 
44 12 3 
44 13 3 
44 14 3 
44 15 3 
44 16 1 
44 17 2 
44 18 4 
44 19 3 
44 20 1 
44 23 2 
44 24 1 
44 25 2 
44 27 1 
44 28 4 
44 31 2 
44 32 4 
44 33 4 
44 34 1 
44 36 1 
44 37 2 
44 39 3 
44 40 2 
44 41 4 
44 42 4 
44 44 3 
44 45 2 
44 46 3 
44 47 4 
44 49 2 
44 50 3 
44 51 2 
44 52 3 
44 53 3 
44 54 4 
44 56 1 
44 57 4 
44 58 2 
44 59 1 
44 61 3 
44 62 3 
44 63 4 
44 64 2 
44 65 4 
44 67 4 
44 68 1 
44 70 3 
44 71 4 
44 73 2 
44 74 4 
44 75 4 
44 76 4 
44 77 3 
44 78 3 
44 80 1 
44 81 2 
44 82 2 
44 85 1 
44 87 2 
44 89 3 
44 90 3 
44 91 1 
44 92 1 
44 93 1 
44 94 1 
44 95 4 
44 96 1 
44 97 1 
44 98 4 
44 99 3 
45 0 2 
45 1 2 
45 2 2 
45 3 3 
45 4 4 
45 5 2 
45 6 2 
45 7 4 
45 9 1 
45 10 4 
45 11 1 
45 12 3 
45 13 2 
45 14 2 
45 15 4 
45 16 3 
45 17 3 
45 18 1 
45 19 4 
45 20 1 
45 22 1 
45 23 3 
45 24 2 
45 25 2 
45 26 3 
45 27 4 
45 28 3 
45 29 2 
45 30 2 
45 31 1 
45 33 4 
45 34 4 
45 36 1 
45 37 2 
45 38 4 
45 39 2 
45 40 3 
45 41 4 
45 42 4 
45 43 1 
45 44 1 
45 45 1 
45 48 4 
45 49 2 
45 51 1 
45 52 3 
45 53 1 
45 54 4 
45 55 1 
45 56 3 
45 57 2 
45 59 2 
45 61 2 
45 62 4 
45 64 2 
45 65 3 
45 67 3 
45 68 1 
45 70 1 
45 71 4 
45 74 1 
45 75 2 
45 76 1 
45 77 2 
45 78 2 
45 81 3 
45 82 1 
45 83 3 
45 85 1 
45 86 4 
45 87 4 
45 88 4 
45 90 2 
45 92 2 
45 93 1 
45 94 1 
45 95 4 
45 97 1 
45 98 3 
45 99 1 
46 0 2 
46 1 4 
46 3 2 
46 4 4 
46 5 2 
46 6 4 
46 7 1 
46 8 4 
46 9 2 
46 10 2 
46 11 4 
46 12 1 
46 13 3 
46 14 3 
46 15 2 
46 17 3 
46 18 1 
46 19 4 
46 20 3 
46 21 3 
46 22 4 
46 23 1 
46 24 4 
46 26 1 
46 28 2 
46 29 4 
46 30 1 
46 32 4 
46 33 2 
46 34 3 
46 35 4 
46 36 4 
46 37 2 
46 39 4 
46 41 3 
46 42 3 
46 43 2 
46 44 1 
46 45 1 
46 46 4 
46 47 2 
46 50 1 
46 51 3 
46 52 4 
46 53 1 
46 54 4 
46 55 4 
46 56 2 
46 58 4 
46 59 4 
46 61 1 
46 62 4 
46 64 3 
46 65 2 
46 66 4 
46 67 3 
46 70 2 
46 71 1 
46 72 3 
46 73 1 
46 74 3 
46 76 3 
46 77 3 
46 78 2 
46 79 3 
46 80 3 
46 81 4 
46 82 1 
46 83 3 
46 84 1 
46 85 1 
46 86 2 
46 87 3 
46 88 1 
46 89 2 
46 90 2 
46 91 2 
46 92 3 
46 93 2 
46 94 2 
46 95 2 
46 97 2 
46 99 1 
47 0 2 
47 1 2 
47 2 3 
47 3 1 
47 4 4 
47 5 1 
47 6 2 
47 7 2 
47 11 4 
47 12 4 
47 13 1 
47 14 2 
47 16 3 
47 18 3 
47 20 2 
47 21 1 
47 22 2 
47 23 1 
47 24 4 
47 25 4 
47 26 3 
47 28 2 
47 29 3 
47 30 1 
47 31 4 
47 32 1 
47 33 4 
47 34 1 
47 36 1 
47 37 3 
47 38 2 
47 39 1 
47 40 3 
47 41 2 
47 42 1 
47 43 3 
47 44 4 
47 45 3 
47 46 4 
47 47 3 
47 48 3 
47 49 2 
47 50 3 
47 51 1 
47 52 4 
47 54 2 
47 55 3 
47 58 4 
47 59 2 
47 60 4 
47 62 2 
47 65 3 
47 67 2 
47 68 2 
47 69 3 
47 70 4 
47 72 1 
47 74 4 
47 75 1 
47 76 3 
47 77 3 
47 78 4 
47 79 2 
47 80 1 
47 81 2 
47 82 4 
47 84 2 
47 85 1 
47 86 4 
47 87 3 
47 88 2 
47 89 3 
47 90 1 
47 91 1 
47 92 4 
47 93 3 
47 94 1 
47 96 2 
47 97 2 
47 98 2 
48 1 1 
48 2 1 
48 3 2 
48 4 2 
48 6 3 
48 8 3 
48 9 2 
48 10 3 
48 11 4 
48 12 4 
48 13 3 
48 14 4 
48 15 2 
48 16 4 
48 17 4 
48 18 1 
48 19 2 
48 20 3 
48 21 2 
48 22 3 
48 23 2 
48 24 1 
48 26 2 
48 27 4 
48 28 3 
48 29 4 
48 30 4 
48 31 4 
48 32 1 
48 34 1 
48 35 3 
48 37 4 
48 38 4 
48 39 3 
48 40 2 
48 41 3 
48 42 3 
48 43 1 
48 44 1 
48 45 3 
48 46 4 
48 47 1 
48 48 2 
48 50 3 
48 52 3 
48 53 2 
48 54 3 
48 55 4 
48 56 3 
48 58 3 
48 59 1 
48 61 2 
48 62 1 
48 63 2 
48 64 3 
48 65 2 
48 66 1 
48 67 3 
48 68 2 
48 70 2 
48 72 4 
48 74 1 
48 76 3 
48 77 1 
48 78 2 
48 79 1 
48 80 2 
48 81 1 
48 82 2 
48 84 3 
48 86 4 
48 87 2 
48 88 1 
48 89 3 
48 90 4 
48 91 2 
48 92 1 
48 94 4 
48 95 4 
48 96 3 
48 97 1 
48 98 2 
48 99 1 
49 0 2 
49 2 1 
49 3 1 
49 5 2 
49 6 2 
49 7 4 
49 8 4 
49 9 4 
49 10 1 
49 11 1 
49 12 1 
49 13 3 
49 14 1 
49 15 4 
49 16 3 
49 17 1 
49 18 2 
49 20 4 
49 21 1 
49 22 2 
49 24 1 
49 25 2 
49 26 4 
49 27 4 
49 28 3 
49 29 2 
49 32 3 
49 33 1 
49 34 2 
49 35 3 
49 36 4 
49 37 4 
49 38 3 
49 39 4 
49 40 4 
49 41 4 
49 44 2 
49 45 2 
49 47 1 
49 48 3 
49 49 2 
49 50 2 
49 51 2 
49 52 4 
49 53 4 
49 54 3 
49 56 2 
49 57 3 
49 61 1 
49 62 1 
49 63 3 
49 64 3 
49 65 3 
49 66 2 
49 67 3 
49 68 3 
49 69 1 
49 70 2 
49 71 2 
49 72 1 
49 73 3 
49 74 3 
49 75 3 
49 77 3 
49 79 3 
49 80 1 
49 81 2 
49 82 1 
49 84 2 
49 86 1 
49 87 4 
49 88 3 
49 89 2 
49 91 4 
49 92 4 
49 93 1 
49 94 3 
49 95 2 
49 97 1 
49 98 1 
49 99 4 
50 0 2 
50 1 4 
50 2 2 
50 3 3 
50 4 2 
50 6 2 
50 7 3 
50 8 4 
50 9 3 
50 10 2 
50 11 1 
50 13 3 
50 14 1 
50 15 3 
50 16 3 
50 17 3 
50 18 2 
50 19 2 
50 20 1 
50 21 2 
50 22 1 
50 24 4 
50 25 4 
50 26 2 
50 29 4 
50 30 4 
50 31 3 
50 32 3 
50 33 1 
50 34 1 
50 35 1 
50 36 2 
50 37 4 
50 38 4 
50 39 1 
50 40 2 
50 41 1 
50 42 3 
50 43 3 
50 46 1 
50 47 4 
50 48 3 
50 49 3 
50 50 2 
50 51 4 
50 52 1 
50 53 3 
50 54 4 
50 55 1 
50 56 3 
50 57 2 
50 58 2 
50 59 3 
50 60 2 
50 61 2 
50 62 2 
50 64 4 
50 65 4 
50 66 2 
50 67 1 
50 68 3 
50 69 2 
50 70 3 
50 72 3 
50 73 1 
50 74 4 
50 75 4 
50 76 1 
50 78 4 
50 80 3 
50 81 1 
50 85 4 
50 86 2 
50 87 3 
50 88 2 
50 89 4 
50 90 2 
50 92 1 
50 93 4 
50 96 3 
50 97 3 
50 98 2 
50 99 2 
51 2 2 
51 3 4 
51 4 2 
51 5 1 
51 6 4 
51 7 3 
51 8 2 
51 9 3 
51 10 4 
51 11 1 
51 13 4 
51 14 1 
51 16 4 
51 17 3 
51 18 3 
51 19 2 
51 20 3 
51 22 2 
51 25 3 
51 27 4 
51 28 1 
51 29 3 
51 30 1 
51 31 1 
51 32 4 
51 33 4 
51 35 1 
51 36 1 
51 37 4 
51 39 3 
51 40 3 
51 41 4 
51 42 4 
51 43 3 
51 44 3 
51 45 1 
51 46 3 
51 47 3 
51 49 2 
51 51 3 
51 52 3 
51 53 2 
51 54 3 
51 55 3 
51 57 4 
51 58 3 
51 59 1 
51 60 2 
51 61 4 
51 62 3 
51 63 1 
51 64 3 
51 65 4 
51 66 3 
51 67 4 
51 68 4 
51 69 3 
51 70 3 
51 71 2 
51 72 2 
51 73 2 
51 74 1 
51 75 1 
51 76 4 
51 79 4 
51 80 2 
51 82 3 
51 83 1 
51 84 2 
51 85 1 
51 87 3 
51 88 1 
51 89 3 
51 91 4 
51 92 2 
51 93 4 
51 95 1 
51 96 3 
51 97 3 
51 98 1 
51 99 2 
52 0 2 
52 1 4 
52 4 2 
52 5 2 
52 6 1 
52 7 1 
52 8 2 
52 9 2 
52 10 1 
52 12 2 
52 13 4 
52 14 1 
52 16 1 
52 17 2 
52 18 3 
52 19 2 
52 21 4 
52 22 1 
52 23 3 
52 24 3 
52 25 2 
52 26 4 
52 27 1 
52 30 4 
52 31 3 
52 34 3 
52 35 3 
52 36 2 
52 40 2 
52 41 1 
52 43 4 
52 45 2 
52 47 1 
52 48 4 
52 49 3 
52 50 4 
52 52 3 
52 54 3 
52 55 1 
52 56 2 
52 57 3 
52 58 2 
52 59 3 
52 60 4 
52 61 2 
52 62 1 
52 63 4 
52 64 2 
52 65 4 
52 66 3 
52 68 4 
52 69 3 
52 71 2 
52 72 4 
52 73 1 
52 74 1 
52 76 4 
52 77 2 
52 78 2 
52 79 4 
52 81 1 
52 82 4 
52 83 3 
52 84 1 
52 85 3 
52 87 4 
52 88 1 
52 89 3 
52 90 2 
52 93 4 
52 95 3 
52 96 4 
52 97 3 
52 98 4 
52 99 4 
53 0 2 
53 2 1 
53 3 1 
53 4 1 
53 5 3 
53 6 2 
53 7 1 
53 9 4 
53 11 1 
53 12 1 
53 15 3 
53 16 4 
53 18 2 
53 20 3 
53 22 1 
53 23 4 
53 25 2 
53 26 2 
53 27 4 
53 28 1 
53 29 2 
53 30 3 
53 31 3 
53 32 2 
53 33 4 
53 35 4 
53 36 3 
53 37 3 
53 39 3 
53 40 2 
53 41 1 
53 43 3 
53 44 2 
53 46 2 
53 47 1 
53 49 4 
53 50 1 
53 51 3 
53 53 3 
53 54 2 
53 56 1 
53 58 4 
53 59 2 
53 60 3 
53 61 3 
53 62 1 
53 64 2 
53 65 1 
53 66 4 
53 67 1 
53 68 4 
53 71 2 
53 72 2 
53 74 1 
53 75 4 
53 77 3 
53 80 3 
53 81 2 
53 82 4 
53 83 3 
53 85 2 
53 86 4 
53 87 1 
53 88 3 
53 89 3 
53 90 4 
53 91 1 
53 92 1 
53 94 2 
53 95 4 
53 96 2 
53 97 1 
53 98 1 
53 99 2 
54 0 2 
54 1 1 
54 2 4 
54 3 4 
54 4 1 
54 5 1 
54 6 3 
54 7 1 
54 9 3 
54 10 2 
54 11 3 
54 13 2 
54 14 2 
54 15 1 
54 16 4 
54 17 1 
54 18 3 
54 19 3 
54 21 2 
54 22 4 
54 23 2 
54 24 2 
54 25 2 
54 26 2 
54 28 3 
54 29 3 
54 30 2 
54 31 1 
54 32 4 
54 33 2 
54 35 1 
54 36 3 
54 37 4 
54 38 2 
54 39 4 
54 40 3 
54 42 3 
54 43 4 
54 44 2 
54 47 2 
54 48 2 
54 49 4 
54 51 3 
54 52 1 
54 54 1 
54 55 4 
54 56 2 
54 57 3 
54 58 4 
54 59 1 
54 60 2 
54 61 1 
54 62 2 
54 63 1 
54 64 4 
54 65 3 
54 66 2 
54 67 3 
54 68 3 
54 70 2 
54 71 1 
54 75 3 
54 76 1 
54 77 1 
54 79 4 
54 82 3 
54 83 1 
54 84 1 
54 85 4 
54 86 1 
54 87 3 
54 88 2 
54 90 4 
54 91 4 
54 92 2 
54 93 2 
54 94 1 
54 95 2 
54 96 1 
54 97 4 
54 99 4 
55 0 4 
55 1 2 
55 4 3 
55 6 3 
55 7 4 
55 8 2 
55 9 3 
55 10 4 
55 11 2 
55 12 4 
55 13 2 
55 14 4 
55 16 1 
55 18 3 
55 19 4 
55 20 1 
55 21 3 
55 22 4 
55 23 4 
55 26 1 
55 27 1 
55 29 1 
55 30 1 
55 32 4 
55 33 1 
55 35 2 
55 36 2 
55 37 4 
55 38 2 
55 39 4 
55 40 2 
55 41 1 
55 42 1 
55 43 2 
55 44 4 
55 45 1 
55 46 2 
55 47 1 
55 48 1 
55 49 1 
55 51 3 
55 52 4 
55 54 2 
55 56 1 
55 57 4 
55 58 2 
55 59 1 
55 60 1 
55 61 3 
55 62 1 
55 65 2 
55 66 3 
55 67 2 
55 68 1 
55 70 1 
55 71 4 
55 72 2 
55 73 3 
55 74 1 
55 75 1 
55 76 4 
55 77 4 
55 78 2 
55 81 3 
55 82 4 
55 84 3 
55 85 1 
55 86 1 
55 88 1 
55 89 4 
55 90 1 
55 91 2 
55 92 2 
55 93 3 
55 94 2 
55 95 2 
55 99 2 
56 0 1 
56 1 1 
56 2 1 
56 3 4 
56 5 3 
56 7 4 
56 8 2 
56 9 3 
56 11 3 
56 12 2 
56 13 4 
56 14 3 
56 15 1 
56 16 1 
56 17 4 
56 18 1 
56 19 2 
56 20 4 
56 21 3 
56 22 4 
56 23 1 
56 24 1 
56 25 2 
56 26 4 
56 27 1 
56 28 2 
56 30 3 
56 31 4 
56 32 1 
56 34 3 
56 35 1 
56 36 3 
56 37 4 
56 38 1 
56 39 1 
56 40 3 
56 41 1 
56 42 4 
56 45 3 
56 46 2 
56 47 2 
56 48 3 
56 49 3 
56 50 4 
56 51 2 
56 52 2 
56 53 3 
56 54 4 
56 55 3 
56 57 3 
56 59 3 
56 60 3 
56 61 4 
56 62 3 
56 64 4 
56 65 1 
56 66 2 
56 67 3 
56 68 1 
56 69 3 
56 70 4 
56 71 4 
56 73 4 
56 75 1 
56 76 2 
56 77 3 
56 78 3 
56 80 2 
56 81 2 
56 82 2 
56 83 4 
56 84 1 
56 85 1 
56 86 2 
56 87 2 
56 89 2 
56 91 4 
56 92 1 
56 93 3 
56 95 1 
56 97 2 
56 98 4 
56 99 1 
57 0 1 
57 1 4 
57 2 1 
57 3 2 
57 4 3 
57 5 2 
57 6 3 
57 9 2 
57 10 1 
57 11 2 
57 12 4 
57 13 3 
57 14 1 
57 15 1 
57 17 3 
57 18 3 
57 19 1 
57 20 1 
57 21 4 
57 23 3 
57 24 3 
57 27 4 
57 28 3 
57 30 1 
57 32 4 
57 33 2 
57 34 3 
57 35 3 
57 36 4 
57 37 1 
57 38 4 
57 40 3 
57 42 2 
57 43 3 
57 44 4 
57 45 3 
57 48 2 
57 49 4 
57 50 1 
57 51 4 
57 52 3 
57 53 2 
57 54 3 
57 55 2 
57 56 3 
57 57 3 
57 58 1 
57 59 1 
57 60 3 
57 61 2 
57 62 2 
57 63 3 
57 66 1 
57 68 2 
57 69 1 
57 71 1 
57 72 1 
57 73 2 
57 75 1 
57 76 1 
57 78 1 
57 79 4 
57 80 4 
57 81 3 
57 82 4 
57 83 3 
57 85 2 
57 87 3 
57 89 1 
57 91 3 
57 92 4 
57 93 3 
57 94 2 
57 95 4 
57 96 3 
57 97 3 
57 98 4 
57 99 1 
58 0 4 
58 2 2 
58 3 1 
58 4 3 
58 5 3 
58 6 3 
58 7 4 
58 8 3 
58 10 4 
58 11 3 
58 12 3 
58 13 3 
58 14 1 
58 15 3 
58 16 1 
58 17 2 
58 18 2 
58 19 1 
58 20 3 
58 21 2 
58 23 3 
58 24 1 
58 25 2 
58 26 2 
58 28 1 
58 29 2 
58 30 1 
58 31 1 
58 32 2 
58 33 4 
58 34 2 
58 36 2 
58 39 1 
58 40 1 
58 42 4 
58 43 4 
58 44 4 
58 45 1 
58 46 3 
58 48 3 
58 50 1 
58 51 2 
58 52 3 
58 53 2 
58 55 4 
58 57 3 
58 58 4 
58 59 1 
58 61 1 
58 62 2 
58 63 3 
58 66 4 
58 67 3 
58 68 1 
58 70 4 
58 71 2 
58 73 3 
58 74 1 
58 75 4 
58 77 4 
58 78 4 
58 79 3 
58 81 1 
58 83 4 
58 84 4 
58 85 1 
58 86 4 
58 87 4 
58 88 4 
58 89 3 
58 93 3 
58 94 4 
58 96 3 
58 97 3 
58 98 3 
58 99 4 
59 0 3 
59 1 3 
59 2 1 
59 3 4 
59 4 1 
59 5 3 
59 6 3 
59 7 2 
59 8 3 
59 9 3 
59 11 4 
59 13 1 
59 14 3 
59 15 4 
59 16 2 
59 17 2 
59 18 3 
59 19 2 
59 20 1 
59 21 3 
59 22 3 
59 23 1 
59 24 1 
59 25 2 
59 26 2 
59 28 1 
59 29 1 
59 30 4 
59 32 4 
59 33 1 
59 34 4 
59 35 1 
59 37 3 
59 38 3 
59 39 3 
59 40 2 
59 41 3 
59 42 2 
59 43 2 
59 45 1 
59 46 1 
59 47 3 
59 48 4 
59 50 1 
59 52 3 
59 53 4 
59 54 2 
59 56 2 
59 57 4 
59 59 4 
59 60 1 
59 62 4 
59 64 1 
59 65 4 
59 66 1 
59 67 1 
59 68 3 
59 69 4 
59 71 1 
59 72 3 
59 73 3 
59 74 3 
59 75 4 
59 76 4 
59 78 2 
59 79 3 
59 81 3 
59 82 4 
59 83 4 
59 84 3 
59 85 1 
59 88 1 
59 89 1 
59 90 4 
59 91 2 
59 92 1 
59 93 4 
59 94 3 
59 95 3 
59 96 4 
59 97 4 
59 99 2 
60 0 4 
60 2 3 
60 3 2 
60 4 4 
60 5 2 
60 6 1 
60 7 3 
60 8 3 
60 9 4 
60 10 2 
60 11 4 
60 12 2 
60 13 1 
60 14 3 
60 16 3 
60 17 4 
60 18 1 
60 19 4 
60 21 1 
60 22 2 
60 23 2 
60 26 1 
60 27 4 
60 28 4 
60 29 1 
60 30 2 
60 31 4 
60 32 2 
60 33 1 
60 34 2 
60 35 1 
60 36 3 
60 37 4 
60 39 2 
60 40 3 
60 41 2 
60 42 1 
60 43 1 
60 44 3 
60 46 1 
60 47 2 
60 48 4 
60 49 3 
60 50 1 
60 52 4 
60 53 4 
60 54 2 
60 55 4 
60 56 4 
60 57 4 
60 58 4 
60 59 4 
60 61 1 
60 62 4 
60 63 3 
60 64 3 
60 65 1 
60 66 4 
60 67 1 
60 70 3 
60 71 3 
60 72 2 
60 74 4 
60 75 1 
60 77 1 
60 78 3 
60 79 4 
60 83 4 
60 84 4 
60 85 2 
60 86 4 
60 87 4 
60 88 1 
60 89 3 
60 90 4 
60 91 2 
60 93 3 
60 95 3 
60 96 4 
61 1 4 
61 2 3 
61 3 3 
61 4 4 
61 5 3 
61 6 4 
61 7 4 
61 9 3 
61 10 4 
61 12 4 
61 13 4 
61 14 4 
61 15 4 
61 16 2 
61 17 4 
61 18 3 
61 19 4 
61 20 2 
61 21 3 
61 22 1 
61 23 2 
61 24 1 
61 25 2 
61 26 1 
61 27 1 
61 28 3 
61 29 1 
61 30 1 
61 31 4 
61 32 1 
61 34 2 
61 36 4 
61 37 2 
61 38 4 
61 39 4 
61 40 1 
61 41 4 
61 44 3 
61 46 4 
61 48 4 
61 49 3 
61 50 4 
61 51 1 
61 52 1 
61 54 4 
61 55 3 
61 56 3 
61 57 1 
61 59 2 
61 60 3 
61 61 2 
61 62 1 
61 63 4 
61 64 3 
61 65 4 
61 66 4 
61 67 2 
61 68 2 
61 69 4 
61 70 2 
61 71 3 
61 72 3 
61 73 3 
61 74 4 
61 75 2 
61 76 3 
61 77 3 
61 78 2 
61 79 2 
61 80 2 
61 81 1 
61 82 4 
61 83 4 
61 84 2 
61 85 4 
61 86 2 
61 87 1 
61 88 1 
61 89 3 
61 90 3 
61 91 4 
61 93 4 
61 94 3 
61 95 3 
61 96 3 
61 97 3 
61 98 1 
61 99 1 
62 0 3 
62 1 4 
62 2 4 
62 3 2 
62 4 2 
62 5 4 
62 6 4 
62 8 2 
62 9 1 
62 10 3 
62 12 3 
62 13 3 
62 14 4 
62 16 3 
62 17 1 
62 18 1 
62 19 4 
62 21 4 
62 22 3 
62 24 4 
62 25 2 
62 26 4 
62 27 3 
62 28 1 
62 29 1 
62 30 4 
62 31 4 
62 33 4 
62 34 2 
62 35 2 
62 36 3 
62 37 2 
62 38 3 
62 39 1 
62 40 4 
62 41 2 
62 42 1 
62 43 2 
62 46 3 
62 47 4 
62 48 2 
62 50 3 
62 51 2 
62 53 2 
62 54 3 
62 55 4 
62 56 4 
62 57 3 
62 58 3 
62 59 1 
62 60 4 
62 61 2 
62 62 1 
62 64 2 
62 65 3 
62 66 2 
62 69 1 
62 70 2 
62 72 3 
62 73 3 
62 74 2 
62 75 3 
62 76 4 
62 78 2 
62 79 2 
62 80 1 
62 81 1 
62 83 1 
62 84 3 
62 85 4 
62 86 1 
62 87 3 
62 88 2 
62 89 4 
62 91 2 
62 92 2 
62 93 1 
62 94 2 
62 95 4 
62 99 1 
63 0 1 
63 1 2 
63 2 1 
63 3 4 
63 4 1 
63 5 3 
63 6 3 
63 8 4 
63 9 1 
63 10 3 
63 12 2 
63 13 3 
63 14 2 
63 15 1 
63 16 2 
63 17 3 
63 20 2 
63 22 2 
63 23 4 
63 24 1 
63 26 4 
63 27 2 
63 29 4 
63 30 3 
63 31 1 
63 32 2 
63 33 4 
63 35 3 
63 36 3 
63 37 4 
63 38 4 
63 39 3 
63 41 2 
63 42 3 
63 43 3 
63 44 1 
63 46 4 
63 47 4 
63 48 4 
63 50 4 
63 51 1 
63 53 2 
63 54 1 
63 55 2 
63 56 2 
63 58 4 
63 59 2 
63 61 3 
63 62 3 
63 63 3 
63 64 2 
63 65 4 
63 66 1 
63 67 1 
63 68 3 
63 69 1 
63 70 4 
63 71 3 
63 72 4 
63 73 2 
63 74 2 
63 76 3 
63 77 1 
63 78 4 
63 79 3 
63 80 1 
63 81 4 
63 82 4 
63 83 2 
63 84 1 
63 85 1 
63 86 4 
63 87 3 
63 88 2 
63 89 4 
63 91 3 
63 92 2 
63 93 4 
63 94 1 
63 96 4 
63 97 3 
63 98 1 
63 99 2 
64 0 4 
64 2 1 
64 3 3 
64 4 3 
64 5 3 
64 6 4 
64 7 2 
64 9 4 
64 11 1 
64 12 3 
64 14 3 
64 16 1 
64 17 3 
64 18 3 
64 19 3 
64 20 3 
64 21 4 
64 22 1 
64 24 4 
64 25 3 
64 26 1 
64 27 3 
64 28 1 
64 29 2 
64 32 3 
64 33 2 
64 34 4 
64 35 1 
64 37 4 
64 38 4 
64 40 4 
64 41 4 
64 42 2 
64 43 2 
64 44 4 
64 45 1 
64 46 3 
64 47 1 
64 49 2 
64 51 3 
64 52 1 
64 53 2 
64 54 4 
64 58 4 
64 59 1 
64 60 3 
64 61 4 
64 62 1 
64 63 2 
64 64 2 
64 65 1 
64 66 3 
64 67 2 
64 68 1 
64 69 3 
64 70 3 
64 72 3 
64 73 1 
64 74 3 
64 75 3 
64 76 2 
64 77 1 
64 78 4 
64 79 3 
64 80 3 
64 81 4 
64 82 1 
64 84 2 
64 85 1 
64 86 1 
64 87 2 
64 88 2 
64 90 3 
64 92 4 
64 94 2 
64 95 1 
64 96 2 
64 97 1 
64 98 4 
64 99 3 
65 1 3 
65 2 3 
65 3 3 
65 4 4 
65 5 1 
65 6 1 
65 7 2 
65 8 2 
65 10 1 
65 11 1 
65 13 3 
65 14 1 
65 15 2 
65 16 4 
65 17 2 
65 19 1 
65 20 3 
65 21 3 
65 22 2 
65 23 2 
65 24 4 
65 26 4 
65 27 1 
65 28 2 
65 29 4 
65 31 2 
65 32 3 
65 33 3 
65 35 3 
65 37 2 
65 39 3 
65 40 3 
65 41 1 
65 42 4 
65 43 4 
65 45 1 
65 46 2 
65 47 4 
65 48 4 
65 49 2 
65 50 1 
65 51 2 
65 52 1 
65 53 4 
65 58 2 
65 59 2 
65 60 4 
65 61 2 
65 63 3 
65 64 1 
65 65 1 
65 66 1 
65 67 1 
65 68 3 
65 69 1 
65 70 4 
65 71 2 
65 72 3 
65 73 3 
65 74 1 
65 75 3 
65 76 4 
65 77 3 
65 78 3 
65 79 3 
65 82 1 
65 83 2 
65 84 4 
65 85 1 
65 86 3 
65 87 4 
65 88 1 
65 90 2 
65 92 3 
65 93 2 
65 94 4 
65 95 4 
65 96 4 
65 99 2 
66 0 1 
66 1 4 
66 2 4 
66 4 2 
66 5 1 
66 6 4 
66 7 2 
66 8 4 
66 9 3 
66 10 1 
66 12 3 
66 13 2 
66 14 2 
66 15 3 
66 16 3 
66 18 3 
66 19 4 
66 20 1 
66 23 4 
66 24 3 
66 25 4 
66 26 3 
66 27 2 
66 29 4 
66 31 1 
66 32 3 
66 34 2 
66 35 1 
66 36 1 
66 37 2 
66 38 4 
66 42 1 
66 43 4 
66 44 3 
66 45 4 
66 46 2 
66 47 2 
66 48 4 
66 50 2 
66 51 1 
66 52 1 
66 53 3 
66 56 3 
66 57 4 
66 58 2 
66 59 3 
66 60 3 
66 61 3 
66 63 2 
66 64 3 
66 65 2 
66 66 3 
66 67 4 
66 69 3 
66 72 4 
66 73 1 
66 75 2 
66 77 2 
66 78 4 
66 80 3 
66 81 2 
66 82 1 
66 85 2 
66 87 3 
66 88 2 
66 89 2 
66 90 2 
66 91 1 
66 93 2 
66 94 4 
66 95 4 
66 97 3 
66 98 3 
67 0 1 
67 1 4 
67 2 1 
67 5 1 
67 6 2 
67 7 1 
67 8 4 
67 9 2 
67 10 2 
67 11 2 
67 13 4 
67 14 2 
67 16 2 
67 17 3 
67 18 4 
67 19 4 
67 21 1 
67 22 1 
67 23 1 
67 24 4 
67 27 4 
67 28 3 
67 29 4 
67 32 3 
67 33 1 
67 35 4 
67 36 3 
67 37 3 
67 38 1 
67 39 3 
67 40 1 
67 41 3 
67 43 1 
67 44 2 
67 45 3 
67 46 2 
67 47 4 
67 48 2 
67 49 1 
67 50 4 
67 51 2 
67 52 3 
67 53 1 
67 54 4 
67 55 3 
67 56 1 
67 58 2 
67 61 3 
67 63 3 
67 65 1 
67 66 3 
67 67 3 
67 68 4 
67 69 4 
67 70 1 
67 72 3 
67 73 2 
67 74 1 
67 76 1 
67 77 4 
67 79 3 
67 82 1 
67 83 4 
67 84 1 
67 85 1 
67 86 2 
67 87 3 
67 88 1 
67 90 4 
67 91 1 
67 92 3 
67 95 3 
67 96 1 
67 97 4 
67 98 2 
67 99 1 
68 0 4 
68 1 4 
68 2 1 
68 3 2 
68 4 2 
68 5 3 
68 6 3 
68 7 4 
68 8 2 
68 9 3 
68 10 2 
68 11 3 
68 12 4 
68 13 4 
68 14 3 
68 15 1 
68 17 1 
68 18 4 
68 19 2 
68 20 1 
68 21 4 
68 22 4 
68 24 4 
68 25 4 
68 26 4 
68 27 1 
68 28 4 
68 29 2 
68 30 2 
68 31 3 
68 32 2 
68 33 4 
68 35 4 
68 36 3 
68 37 3 
68 38 3 
68 39 1 
68 40 2 
68 41 1 
68 43 2 
68 45 3 
68 46 3 
68 48 4 
68 49 3 
68 50 2 
68 51 1 
68 52 2 
68 53 2 
68 54 2 
68 55 2 
68 56 2 
68 57 2 
68 58 4 
68 59 1 
68 60 4 
68 61 1 
68 62 4 
68 63 1 
68 64 1 
68 66 1 
68 67 4 
68 68 3 
68 69 4 
68 70 1 
68 71 1 
68 73 1 
68 74 3 
68 75 1 
68 77 1 
68 78 2 
68 80 4 
68 82 1 
68 83 2 
68 84 2 
68 85 4 
68 86 4 
68 87 4 
68 88 1 
68 89 3 
68 91 1 
68 93 4 
68 94 3 
68 95 2 
68 96 4 
68 97 4 
68 98 2 
68 99 3 
69 0 4 
69 1 3 
69 5 3 
69 6 1 
69 9 3 
69 12 3 
69 13 2 
69 14 2 
69 16 1 
69 17 2 
69 18 4 
69 19 3 
69 20 1 
69 22 4 
69 23 1 
69 25 2 
69 26 4 
69 28 2 
69 29 1 
69 30 3 
69 31 1 
69 32 4 
69 33 3 
69 34 1 
69 36 2 
69 37 2 
69 39 2 
69 40 1 
69 42 2 
69 43 4 
69 44 2 
69 47 4 
69 48 2 
69 49 4 
69 50 3 
69 51 3 
69 52 4 
69 53 3 
69 55 4 
69 57 4 
69 58 4 
69 59 3 
69 60 1 
69 61 3 
69 62 4 
69 63 1 
69 64 2 
69 65 1 
69 66 1 
69 67 4 
69 68 4 
69 69 1 
69 70 2 
69 72 2 
69 78 4 
69 79 2 
69 81 3 
69 82 1 
69 84 1 
69 85 2 
69 87 2 
69 88 2 
69 89 4 
69 91 3 
69 92 3 
69 94 4 
69 95 1 
69 96 1 
69 97 1 
70 0 2 
70 1 3 
70 2 1 
70 3 4 
70 4 3 
70 5 1 
70 7 3 
70 8 1 
70 9 4 
70 10 1 
70 11 1 
70 12 3 
70 13 3 
70 14 1 
70 15 4 
70 17 1 
70 18 1 
70 19 2 
70 20 1 
70 21 1 
70 22 1 
70 24 2 
70 25 1 
70 26 1 
70 27 3 
70 28 2 
70 29 2 
70 30 4 
70 32 1 
70 35 4 
70 36 1 
70 38 3 
70 39 3 
70 43 3 
70 44 3 
70 45 2 
70 46 2 
70 47 4 
70 48 4 
70 49 3 
70 50 1 
70 53 3 
70 54 1 
70 55 2 
70 56 4 
70 57 3 
70 58 1 
70 59 2 
70 62 2 
70 63 1 
70 64 1 
70 65 3 
70 66 1 
70 67 3 
70 68 3 
70 69 4 
70 70 1 
70 71 3 
70 72 4 
70 73 2 
70 74 2 
70 75 3 
70 76 4 
70 77 4 
70 78 2 
70 79 3 
70 80 3 
70 81 4 
70 82 4 
70 83 4 
70 84 2 
70 86 2 
70 87 2 
70 88 3 
70 89 3 
70 91 4 
70 92 4 
70 93 3 
70 94 1 
70 95 1 
70 96 1 
70 97 2 
70 98 4 
71 0 2 
71 1 1 
71 2 3 
71 3 2 
71 4 3 
71 7 2 
71 9 2 
71 11 4 
71 12 1 
71 13 4 
71 14 3 
71 15 4 
71 18 2 
71 19 3 
71 20 4 
71 21 2 
71 22 3 
71 23 4 
71 24 1 
71 25 4 
71 27 2 
71 28 2 
71 30 2 
71 31 4 
71 32 1 
71 33 1 
71 34 1 
71 35 4 
71 36 2 
71 37 2 
71 38 1 
71 39 3 
71 41 1 
71 42 2 
71 43 2 
71 44 1 
71 45 1 
71 46 1 
71 47 1 
71 48 1 
71 49 4 
71 51 1 
71 52 2 
71 53 4 
71 54 1 
71 55 3 
71 56 3 
71 57 1 
71 58 1 
71 60 1 
71 61 3 
71 63 3 
71 65 2 
71 66 2 
71 67 3 
71 68 4 
71 69 3 
71 70 1 
71 71 4 
71 73 3 
71 74 1 
71 75 1 
71 76 4 
71 77 3 
71 78 3 
71 79 1 
71 80 2 
71 81 4 
71 82 3 
71 84 3 
71 85 4 
71 86 3 
71 87 2 
71 88 1 
71 89 4 
71 90 3 
71 91 3 
71 92 3 
71 93 3 
71 94 1 
71 95 3 
71 97 3 
71 98 1 
72 0 2 
72 1 3 
72 2 4 
72 3 2 
72 4 1 
72 5 1 
72 6 4 
72 7 1 
72 9 3 
72 10 3 
72 11 3 
72 12 3 
72 13 1 
72 14 3 
72 15 1 
72 16 1 
72 17 1 
72 18 3 
72 19 3 
72 20 1 
72 21 1 
72 22 1 
72 23 4 
72 25 3 
72 26 3 
72 28 2 
72 30 1 
72 32 3 
72 34 2 
72 36 2 
72 37 2 
72 38 2 
72 39 2 
72 40 1 
72 43 4 
72 44 2 
72 45 3 
72 46 1 
72 47 3 
72 50 1 
72 51 2 
72 52 1 
72 53 3 
72 54 1 
72 55 2 
72 56 2 
72 58 3 
72 59 4 
72 61 4 
72 63 4 
72 65 3 
72 67 2 
72 69 2 
72 71 2 
72 72 2 
72 74 1 
72 75 4 
72 76 4 
72 77 2 
72 78 3 
72 80 2 
72 82 2 
72 83 4 
72 84 3 
72 85 4 
72 86 2 
72 87 1 
72 88 4 
72 90 1 
72 92 4 
72 93 1 
72 95 4 
72 96 4 
72 98 2 
73 0 2 
73 1 2 
73 2 2 
73 4 3 
73 5 4 
73 6 4 
73 7 3 
73 8 2 
73 9 3 
73 10 3 
73 12 3 
73 13 1 
73 14 4 
73 15 2 
73 16 1 
73 17 2 
73 18 3 
73 20 2 
73 21 4 
73 22 1 
73 23 1 
73 25 1 
73 26 1 
73 27 4 
73 28 1 
73 29 3 
73 31 4 
73 33 2 
73 34 4 
73 35 3 
73 36 1 
73 37 3 
73 38 2 
73 39 3 
73 40 2 
73 42 3 
73 44 2 
73 45 3 
73 46 2 
73 47 3 
73 50 4 
73 51 3 
73 53 1 
73 54 4 
73 56 2 
73 57 1 
73 59 4 
73 60 4 
73 62 3 
73 64 3 
73 65 2 
73 66 4 
73 67 4 
73 68 1 
73 69 1 
73 70 3 
73 71 3 
73 72 2 
73 73 2 
73 74 4 
73 75 4 
73 77 1 
73 78 3 
73 79 1 
73 80 2 
73 81 3 
73 83 2 
73 84 4 
73 85 4 
73 86 2 
73 87 1 
73 88 1 
73 89 3 
73 90 1 
73 92 4 
73 93 4 
73 95 2 
73 96 2 
73 98 2 
73 99 4 
74 0 1 
74 2 3 
74 3 3 
74 4 2 
74 5 2 
74 6 3 
74 7 3 
74 8 4 
74 9 1 
74 11 1 
74 12 4 
74 14 3 
74 15 3 
74 17 1 
74 19 1 
74 20 4 
74 21 1 
74 22 2 
74 23 4 
74 24 1 
74 25 3 
74 26 1 
74 27 4 
74 28 3 
74 29 3 
74 30 3 
74 31 4 
74 32 4 
74 33 1 
74 34 2 
74 35 1 
74 36 4 
74 37 1 
74 39 3 
74 40 2 
74 42 4 
74 43 2 
74 44 1 
74 45 3 
74 47 1 
74 48 4 
74 49 1 
74 50 3 
74 51 4 
74 52 3 
74 54 3 
74 55 4 
74 56 4 
74 58 4 
74 59 2 
74 60 3 
74 61 2 
74 62 2 
74 63 3 
74 64 4 
74 66 4 
74 67 3 
74 68 1 
74 70 2 
74 71 3 
74 72 1 
74 73 1 
74 75 2 
74 76 4 
74 77 1 
74 78 4 
74 79 4 
74 80 3 
74 81 3 
74 82 3 
74 83 1 
74 84 4 
74 85 2 
74 86 1 
74 87 3 
74 88 2 
74 90 1 
74 91 1 
74 92 2 
74 93 3 
74 94 4 
74 95 2 
74 96 3 
74 97 4 
74 98 1 
74 99 4 
75 0 4 
75 1 3 
75 2 3 
75 3 1 
75 5 4 
75 6 4 
75 8 1 
75 9 3 
75 10 4 
75 11 4 
75 12 1 
75 13 3 
75 15 1 
75 16 1 
75 17 1 
75 18 4 
75 19 3 
75 20 1 
75 23 4 
75 24 3 
75 26 2 
75 27 2 
75 29 3 
75 30 2 
75 32 2 
75 34 1 
75 35 3 
75 38 3 
75 39 1 
75 40 4 
75 41 3 
75 42 1 
75 44 1 
75 45 1 
75 46 2 
75 47 3 
75 48 3 
75 49 1 
75 50 2 
75 52 1 
75 53 2 
75 56 3 
75 57 2 
75 58 2 
75 59 3 
75 60 1 
75 61 4 
75 62 3 
75 63 4 
75 65 4 
75 66 2 
75 70 2 
75 71 4 
75 72 4 
75 73 3 
75 77 2 
75 78 3 
75 79 3 
75 80 3 
75 82 4 
75 84 3 
75 85 4 
75 86 1 
75 87 1 
75 88 2 
75 89 4 
75 91 4 
75 92 4 
75 93 3 
75 94 3 
75 95 4 
75 96 3 
75 99 3 
76 0 1 
76 1 3 
76 2 2 
76 4 1 
76 5 2 
76 6 1 
76 7 1 
76 11 3 
76 12 1 
76 14 4 
76 16 4 
76 18 2 
76 19 2 
76 20 4 
76 21 2 
76 22 1 
76 23 4 
76 25 4 
76 26 4 
76 27 4 
76 29 4 
76 30 2 
76 31 2 
76 32 3 
76 34 2 
76 35 4 
76 36 3 
76 37 4 
76 38 1 
76 39 3 
76 40 4 
76 41 2 
76 42 1 
76 43 1 
76 44 2 
76 45 1 
76 46 1 
76 47 2 
76 48 1 
76 49 3 
76 50 4 
76 51 1 
76 55 1 
76 57 4 
76 58 1 
76 59 1 
76 60 4 
76 61 3 
76 62 3 
76 63 2 
76 64 4 
76 65 1 
76 66 2 
76 67 2 
76 69 4 
76 72 2 
76 73 2 
76 74 2 
76 75 4 
76 76 4 
76 77 3 
76 78 2 
76 80 2 
76 81 1 
76 82 2 
76 83 3 
76 84 2 
76 85 3 
76 87 3 
76 88 3 
76 89 1 
76 90 4 
76 91 3 
76 93 3 
76 94 1 
76 95 4 
76 96 4 
76 97 4 
76 98 2 
77 0 3 
77 1 3 
77 2 1 
77 3 1 
77 4 1 
77 5 4 
77 8 3 
77 9 3 
77 10 1 
77 12 4 
77 13 3 
77 14 4 
77 15 2 
77 16 2 
77 17 4 
77 20 1 
77 22 4 
77 23 1 
77 24 3 
77 26 1 
77 27 3 
77 28 4 
77 29 3 
77 30 4 
77 31 3 
77 32 1 
77 34 4 
77 35 3 
77 36 4 
77 38 3 
77 39 2 
77 40 3 
77 41 4 
77 42 3 
77 43 3 
77 44 2 
77 45 2 
77 48 2 
77 49 1 
77 51 3 
77 52 1 
77 53 4 
77 57 1 
77 58 3 
77 59 4 
77 61 2 
77 62 3 
77 63 2 
77 64 3 
77 65 2 
77 67 3 
77 68 3 
77 69 3 
77 70 1 
77 71 1 
77 72 2 
77 74 4 
77 76 2 
77 80 1 
77 81 1 
77 82 3 
77 83 2 
77 84 1 
77 85 4 
77 86 2 
77 87 1 
77 89 1 
77 90 1 
77 92 3 
77 93 4 
77 94 2 
77 95 2 
77 96 2 
77 97 2 
77 98 1 
78 1 2 
78 2 2 
78 3 3 
78 4 2 
78 5 2 
78 6 3 
78 8 2 
78 9 4 
78 10 1 
78 11 3 
78 14 1 
78 15 1 
78 16 4 
78 17 3 
78 18 2 
78 19 4 
78 20 4 
78 21 4 
78 23 3 
78 24 3 
78 25 2 
78 26 1 
78 27 1 
78 29 2 
78 30 2 
78 31 1 
78 33 4 
78 34 4 
78 35 3 
78 36 1 
78 37 3 
78 38 4 
78 39 4 
78 40 2 
78 42 2 
78 43 2 
78 45 3 
78 46 4 
78 47 4 
78 48 2 
78 49 1 
78 50 4 
78 51 2 
78 53 4 
78 54 1 
78 55 4 
78 56 2 
78 57 2 
78 59 2 
78 61 2 
78 62 4 
78 64 2 
78 65 3 
78 66 3 
78 67 4 
78 68 2 
78 69 2 
78 70 3 
78 71 4 
78 72 3 
78 73 1 
78 74 2 
78 75 3 
78 77 1 
78 78 2 
78 79 3 
78 80 3 
78 81 1 
78 83 3 
78 84 1 
78 85 1 
78 86 3 
78 87 3 
78 88 4 
78 89 4 
78 91 4 
78 92 2 
78 93 4 
78 95 4 
78 96 3 
78 97 4 
78 98 4 
79 0 2 
79 1 2 
79 2 4 
79 4 4 
79 5 2 
79 6 3 
79 7 4 
79 8 3 
79 9 1 
79 10 2 
79 11 1 
79 12 3 
79 13 2 
79 16 4 
79 17 3 
79 18 3 
79 19 4 
79 20 3 
79 21 4 
79 22 4 
79 24 4 
79 25 4 
79 27 2 
79 28 3 
79 29 4 
79 30 3 
79 32 2 
79 33 3 
79 34 1 
79 35 1 
79 39 3 
79 40 2 
79 41 3 
79 42 4 
79 44 1 
79 46 1 
79 47 1 
79 48 3 
79 49 4 
79 51 2 
79 52 3 
79 53 4 
79 54 2 
79 55 2 
79 56 3 
79 57 3 
79 59 2 
79 60 2 
79 61 4 
79 62 2 
79 64 2 
79 65 4 
79 66 1 
79 67 3 
79 68 4 
79 69 2 
79 70 1 
79 71 1 
79 73 1 
79 74 2 
79 75 1 
79 76 1 
79 77 3 
79 78 2 
79 80 2 
79 81 2 
79 82 2 
79 83 1 
79 84 2 
79 86 4 
79 88 3 
79 90 3 
79 91 1 
79 92 4 
79 93 1 
79 94 1 
79 95 1 
79 97 2 
79 99 4 
80 1 2 
80 4 3 
80 5 3 
80 6 2 
80 8 1 
80 9 4 
80 10 1 
80 11 4 
80 12 2 
80 13 3 
80 16 4 
80 17 4 
80 18 1 
80 19 2 
80 20 4 
80 21 4 
80 22 3 
80 23 4 
80 26 1 
80 28 3 
80 29 1 
80 31 3 
80 32 3 
80 33 1 
80 34 3 
80 35 2 
80 36 4 
80 37 1 
80 38 2 
80 39 1 
80 41 3 
80 43 3 
80 44 2 
80 46 3 
80 47 2 
80 49 4 
80 50 4 
80 52 3 
80 53 3 
80 54 4 
80 55 4 
80 56 4 
80 57 1 
80 59 2 
80 60 2 
80 64 2 
80 65 4 
80 66 2 
80 67 1 
80 68 1 
80 70 2 
80 71 2 
80 72 4 
80 73 3 
80 75 2 
80 76 4 
80 77 4 
80 78 4 
80 79 4 
80 80 4 
80 81 4 
80 83 3 
80 84 3 
80 86 2 
80 87 2 
80 88 1 
80 89 2 
80 90 4 
80 91 3 
80 92 3 
80 94 4 
80 97 2 
80 98 2 
80 99 1 
81 0 2 
81 2 3 
81 3 2 
81 4 3 
81 5 4 
81 6 4 
81 7 2 
81 8 3 
81 9 4 
81 10 2 
81 11 3 
81 12 3 
81 13 3 
81 14 1 
81 15 2 
81 16 3 
81 17 3 
81 18 4 
81 19 4 
81 20 1 
81 21 4 
81 22 2 
81 23 4 
81 25 2 
81 28 4 
81 29 2 
81 30 2 
81 31 2 
81 32 3 
81 33 1 
81 34 4 
81 35 1 
81 37 4 
81 38 4 
81 39 4 
81 40 4 
81 41 2 
81 42 2 
81 43 3 
81 45 3 
81 47 3 
81 48 2 
81 49 4 
81 50 2 
81 51 3 
81 52 4 
81 54 3 
81 55 4 
81 56 2 
81 57 3 
81 58 4 
81 59 2 
81 60 1 
81 61 2 
81 62 4 
81 63 4 
81 64 3 
81 65 3 
81 66 1 
81 67 4 
81 68 3 
81 69 1 
81 70 3 
81 71 2 
81 72 3 
81 73 1 
81 75 4 
81 78 2 
81 79 2 
81 82 1 
81 83 4 
81 84 1 
81 86 3 
81 87 4 
81 88 4 
81 89 3 
81 90 1 
81 91 1 
81 95 4 
81 96 4 
81 97 2 
81 98 3 
81 99 2 
82 0 3 
82 1 2 
82 2 4 
82 3 2 
82 4 4 
82 6 1 
82 7 4 
82 9 4 
82 10 2 
82 13 4 
82 14 4 
82 15 1 
82 16 4 
82 17 3 
82 19 3 
82 20 1 
82 21 2 
82 22 4 
82 23 1 
82 24 2 
82 26 1 
82 27 2 
82 28 3 
82 29 4 
82 31 1 
82 32 2 
82 34 4 
82 35 1 
82 37 1 
82 40 1 
82 41 2 
82 42 1 
82 43 1 
82 44 1 
82 45 1 
82 46 2 
82 47 1 
82 48 4 
82 49 3 
82 50 4 
82 51 1 
82 53 4 
82 54 2 
82 55 3 
82 56 4 
82 57 4 
82 59 2 
82 60 3 
82 62 4 
82 65 4 
82 66 1 
82 67 1 
82 68 1 
82 69 2 
82 70 1 
82 71 2 
82 73 3 
82 74 3 
82 75 2 
82 76 4 
82 78 3 
82 79 4 
82 80 4 
82 81 3 
82 83 4 
82 84 2 
82 85 3 
82 86 3 
82 87 2 
82 88 2 
82 89 3 
82 91 1 
82 92 4 
82 94 1 
82 97 3 
82 98 1 
82 99 1 
83 0 1 
83 1 3 
83 2 3 
83 3 1 
83 4 1 
83 5 1 
83 6 3 
83 7 1 
83 8 2 
83 9 1 
83 11 2 
83 14 1 
83 15 2 
83 16 4 
83 17 4 
83 19 1 
83 20 3 
83 22 2 
83 23 3 
83 24 1 
83 25 4 
83 26 3 
83 27 1 
83 28 3 
83 29 4 
83 30 2 
83 31 4 
83 32 3 
83 34 1 
83 35 4 
83 36 2 
83 37 4 
83 40 1 
83 41 1 
83 42 2 
83 43 1 
83 44 2 
83 45 4 
83 46 4 
83 47 1 
83 48 4 
83 49 4 
83 50 3 
83 51 2 
83 55 1 
83 57 4 
83 58 3 
83 59 3 
83 60 4 
83 62 3 
83 63 2 
83 64 1 
83 65 4 
83 66 1 
83 67 4 
83 68 4 
83 69 2 
83 70 4 
83 72 3 
83 73 2 
83 74 2 
83 76 1 
83 77 1 
83 78 2 
83 80 1 
83 82 2 
83 83 2 
83 84 1 
83 85 3 
83 86 4 
83 87 1 
83 88 2 
83 89 2 
83 91 1 
83 92 2 
83 93 4 
83 94 3 
83 95 4 
83 96 3 
83 98 3 
83 99 2 
84 0 2 
84 1 2 
84 2 3 
84 3 1 
84 6 2 
84 7 1 
84 8 2 
84 9 4 
84 10 1 
84 11 4 
84 12 4 
84 13 4 
84 14 2 
84 15 1 
84 16 3 
84 17 1 
84 18 2 
84 19 1 
84 20 3 
84 21 3 
84 22 3 
84 23 1 
84 24 2 
84 25 1 
84 26 1 
84 27 1 
84 28 2 
84 29 4 
84 30 4 
84 32 2 
84 33 2 
84 34 1 
84 35 2 
84 36 3 
84 37 3 
84 38 3 
84 39 1 
84 40 3 
84 42 1 
84 43 3 
84 45 3 
84 46 4 
84 47 3 
84 48 4 
84 49 2 
84 51 3 
84 52 1 
84 53 3 
84 55 3 
84 57 1 
84 59 2 
84 61 4 
84 62 2 
84 63 3 
84 64 2 
84 65 4 
84 67 1 
84 68 3 
84 69 4 
84 70 3 
84 71 1 
84 73 4 
84 76 2 
84 78 4 
84 79 2 
84 80 2 
84 81 4 
84 82 1 
84 83 3 
84 84 3 
84 85 1 
84 86 2 
84 87 3 
84 88 3 
84 89 3 
84 91 4 
84 92 3 
84 93 3 
84 94 2 
84 96 2 
84 97 2 
84 98 2 
84 99 1 
85 0 2 
85 2 2 
85 3 2 
85 4 4 
85 5 3 
85 6 3 
85 7 2 
85 8 3 
85 9 3 
85 12 3 
85 13 1 
85 14 4 
85 15 1 
85 16 3 
85 17 2 
85 18 4 
85 19 1 
85 23 4 
85 24 4 
85 25 3 
85 26 4 
85 27 1 
85 28 1 
85 29 2 
85 30 3 
85 31 3 
85 32 2 
85 34 1 
85 35 2 
85 36 4 
85 37 4 
85 39 2 
85 40 2 
85 42 3 
85 44 1 
85 45 3 
85 46 2 
85 48 1 
85 49 1 
85 50 2 
85 51 2 
85 52 2 
85 53 3 
85 54 1 
85 55 1 
85 56 1 
85 57 1 
85 58 3 
85 59 2 
85 60 3 
85 61 1 
85 62 1 
85 63 1 
85 64 2 
85 65 2 
85 66 3 
85 67 1 
85 68 2 
85 69 3 
85 70 4 
85 71 4 
85 72 4 
85 73 2 
85 75 1 
85 76 1 
85 77 2 
85 78 1 
85 79 2 
85 80 4 
85 81 3 
85 82 4 
85 83 1 
85 84 1 
85 86 3 
85 87 3 
85 88 1 
85 89 1 
85 92 3 
85 93 2 
85 94 1 
85 96 4 
85 98 2 
85 99 1 
86 0 3 
86 1 1 
86 2 1 
86 3 2 
86 4 4 
86 5 2 
86 6 4 
86 8 4 
86 10 2 
86 11 4 
86 12 4 
86 13 1 
86 14 1 
86 15 1 
86 16 2 
86 17 4 
86 18 4 
86 19 3 
86 20 1 
86 22 4 
86 23 4 
86 24 2 
86 27 2 
86 29 2 
86 30 3 
86 31 4 
86 32 3 
86 34 2 
86 35 3 
86 36 2 
86 37 1 
86 38 3 
86 39 2 
86 40 2 
86 42 1 
86 43 1 
86 44 2 
86 45 2 
86 46 2 
86 47 4 
86 48 2 
86 49 2 
86 50 3 
86 51 4 
86 52 3 
86 53 2 
86 54 3 
86 56 3 
86 57 4 
86 58 2 
86 59 3 
86 60 1 
86 61 1 
86 62 3 
86 64 1 
86 66 3 
86 67 3 
86 68 2 
86 69 2 
86 71 4 
86 72 3 
86 73 2 
86 77 3 
86 79 2 
86 80 1 
86 81 4 
86 82 2 
86 83 4 
86 84 2 
86 86 4 
86 89 2 
86 90 4 
86 91 2 
86 92 4 
86 93 2 
86 94 2 
86 95 1 
86 96 3 
86 97 1 
86 98 4 
87 0 4 
87 2 4 
87 3 2 
87 4 3 
87 6 3 
87 7 3 
87 8 3 
87 9 4 
87 10 1 
87 11 4 
87 12 3 
87 13 3 
87 14 4 
87 15 1 
87 16 4 
87 17 4 
87 18 1 
87 19 4 
87 20 1 
87 21 1 
87 22 1 
87 23 1 
87 24 4 
87 25 4 
87 26 2 
87 27 3 
87 28 1 
87 29 2 
87 30 3 
87 32 3 
87 33 3 
87 34 2 
87 35 1 
87 36 3 
87 37 1 
87 39 2 
87 41 1 
87 42 2 
87 43 3 
87 44 4 
87 45 2 
87 46 4 
87 47 4 
87 48 1 
87 49 1 
87 50 3 
87 51 3 
87 52 3 
87 54 4 
87 55 2 
87 57 1 
87 59 1 
87 60 4 
87 61 4 
87 62 2 
87 63 2 
87 64 2 
87 66 4 
87 67 1 
87 68 1 
87 69 4 
87 70 4 
87 71 1 
87 73 2 
87 74 4 
87 76 4 
87 77 4 
87 78 4 
87 80 1 
87 81 2 
87 82 3 
87 83 4 
87 84 3 
87 85 3 
87 86 1 
87 87 3 
87 89 2 
87 90 4 
87 91 4 
87 92 1 
87 93 2 
87 94 2 
87 95 4 
87 96 2 
87 97 1 
87 98 1 
87 99 3 
88 2 4 
88 3 1 
88 4 3 
88 5 4 
88 6 1 
88 7 2 
88 8 4 
88 9 1 
88 10 3 
88 12 4 
88 13 2 
88 15 2 
88 17 2 
88 19 1 
88 20 4 
88 23 1 
88 24 3 
88 25 3 
88 28 4 
88 29 2 
88 30 3 
88 32 3 
88 33 3 
88 34 2 
88 35 1 
88 36 2 
88 37 4 
88 38 4 
88 39 1 
88 41 2 
88 42 2 
88 43 4 
88 45 2 
88 46 1 
88 47 1 
88 48 4 
88 49 2 
88 50 2 
88 51 4 
88 52 3 
88 53 2 
88 55 1 
88 57 1 
88 58 2 
88 60 3 
88 62 1 
88 63 1 
88 64 3 
88 65 4 
88 66 3 
88 67 1 
88 68 3 
88 69 2 
88 70 3 
88 71 3 
88 74 3 
88 76 3 
88 78 1 
88 79 3 
88 80 2 
88 81 3 
88 82 2 
88 83 1 
88 84 1 
88 85 2 
88 86 3 
88 87 2 
88 88 4 
88 90 3 
88 91 2 
88 92 1 
88 93 4 
88 94 4 
88 95 4 
88 96 3 
88 97 2 
88 99 1 
89 0 4 
89 1 3 
89 3 4 
89 4 4 
89 5 3 
89 7 2 
89 8 3 
89 9 1 
89 11 1 
89 13 3 
89 14 3 
89 15 1 
89 17 1 
89 18 3 
89 20 2 
89 21 1 
89 22 3 
89 23 3 
89 24 1 
89 25 2 
89 26 2 
89 27 4 
89 29 3 
89 30 1 
89 31 4 
89 32 2 
89 33 2 
89 34 4 
89 35 1 
89 36 1 
89 38 4 
89 39 4 
89 40 1 
89 42 1 
89 43 1 
89 44 3 
89 45 4 
89 46 3 
89 47 4 
89 48 1 
89 49 1 
89 50 4 
89 51 3 
89 52 3 
89 53 2 
89 54 1 
89 55 4 
89 57 4 
89 58 4 
89 60 3 
89 63 1 
89 64 3 
89 65 4 
89 66 3 
89 67 4 
89 68 4 
89 69 2 
89 70 4 
89 71 1 
89 72 3 
89 74 3 
89 75 2 
89 77 1 
89 78 1 
89 79 1 
89 80 2 
89 81 1 
89 82 4 
89 83 1 
89 84 3 
89 85 1 
89 87 4 
89 88 1 
89 89 4 
89 90 4 
89 93 4 
89 94 1 
89 95 3 
89 96 4 
89 97 4 
89 98 3 
89 99 4 
90 0 1 
90 1 2 
90 4 3 
90 5 3 
90 6 2 
90 7 3 
90 9 3 
90 10 4 
90 11 3 
90 12 4 
90 13 4 
90 14 4 
90 15 3 
90 16 1 
90 17 4 
90 18 2 
90 19 3 
90 20 4 
90 21 2 
90 22 3 
90 23 4 
90 24 1 
90 25 4 
90 26 3 
90 28 3 
90 29 2 
90 32 4 
90 35 3 
90 36 4 
90 37 2 
90 38 1 
90 40 1 
90 41 1 
90 42 3 
90 43 1 
90 44 1 
90 45 2 
90 47 2 
90 48 2 
90 49 3 
90 51 1 
90 53 3 
90 54 1 
90 55 1 
90 56 2 
90 58 2 
90 59 1 
90 60 2 
90 61 2 
90 62 1 
90 63 2 
90 64 3 
90 65 1 
90 67 3 
90 68 4 
90 69 2 
90 70 3 
90 71 1 
90 72 3 
90 73 1 
90 74 3 
90 75 4 
90 76 4 
90 77 3 
90 78 2 
90 79 2 
90 80 1 
90 81 3 
90 82 4 
90 83 2 
90 84 2 
90 86 4 
90 89 1 
90 90 1 
90 91 3 
90 92 4 
90 93 2 
90 95 3 
90 96 4 
90 98 2 
90 99 4 
91 0 2 
91 2 1 
91 3 1 
91 4 2 
91 5 4 
91 6 1 
91 7 2 
91 8 2 
91 9 4 
91 10 4 
91 11 4 
91 12 2 
91 13 3 
91 14 1 
91 15 4 
91 16 4 
91 20 2 
91 21 1 
91 22 3 
91 23 2 
91 24 4 
91 25 3 
91 27 4 
91 28 4 
91 29 2 
91 30 4 
91 31 2 
91 32 3 
91 34 3 
91 35 1 
91 36 4 
91 38 3 
91 39 2 
91 40 4 
91 41 3 
91 42 1 
91 43 1 
91 44 2 
91 45 2 
91 46 1 
91 47 1 
91 48 3 
91 49 1 
91 50 1 
91 52 3 
91 54 2 
91 55 2 
91 56 4 
91 57 3 
91 58 2 
91 59 3 
91 61 1 
91 62 1 
91 63 4 
91 64 1 
91 67 1 
91 69 3 
91 70 3 
91 71 4 
91 72 2 
91 73 4 
91 74 1 
91 75 4 
91 76 2 
91 77 2 
91 80 4 
91 81 2 
91 83 2 
91 84 2 
91 85 3 
91 86 4 
91 87 1 
91 88 1 
91 89 1 
91 91 2 
91 92 3 
91 93 1 
91 94 1 
91 95 4 
91 96 1 
91 97 1 
91 98 1 
91 99 1 
92 1 4 
92 2 1 
92 3 2 
92 4 4 
92 5 2 
92 6 1 
92 7 2 
92 9 2 
92 10 2 
92 11 4 
92 12 4 
92 13 3 
92 14 1 
92 15 2 
92 16 1 
92 17 1 
92 18 4 
92 19 3 
92 20 3 
92 21 4 
92 23 1 
92 24 1 
92 25 2 
92 26 1 
92 27 2 
92 28 4 
92 29 2 
92 30 4 
92 32 2 
92 33 1 
92 34 2 
92 35 2 
92 36 3 
92 37 4 
92 38 4 
92 39 4 
92 40 2 
92 41 2 
92 42 3 
92 43 2 
92 44 1 
92 46 4 
92 47 3 
92 48 1 
92 49 3 
92 50 1 
92 52 3 
92 53 2 
92 54 1 
92 56 4 
92 57 3 
92 58 3 
92 59 3 
92 60 1 
92 61 2 
92 62 3 
92 63 3 
92 64 4 
92 65 1 
92 66 1 
92 67 2 
92 68 1 
92 70 2 
92 71 3 
92 72 3 
92 74 1 
92 75 4 
92 78 2 
92 79 2 
92 80 4 
92 81 4 
92 82 2 
92 83 3 
92 84 1 
92 85 4 
92 86 3 
92 88 2 
92 89 1 
92 90 4 
92 91 3 
92 92 4 
92 93 3 
92 94 2 
92 95 3 
92 96 4 
92 97 4 
92 98 1 
92 99 1 
93 0 4 
93 1 3 
93 3 3 
93 4 4 
93 5 1 
93 6 2 
93 8 2 
93 10 2 
93 11 2 
93 12 4 
93 16 4 
93 17 4 
93 18 1 
93 19 2 
93 20 1 
93 24 3 
93 25 3 
93 26 4 
93 27 3 
93 28 2 
93 29 1 
93 30 4 
93 31 2 
93 35 4 
93 36 1 
93 37 3 
93 39 3 
93 40 3 
93 41 2 
93 42 1 
93 43 3 
93 44 3 
93 45 1 
93 46 3 
93 47 2 
93 48 1 
93 50 4 
93 51 2 
93 54 2 
93 55 4 
93 56 4 
93 57 2 
93 58 2 
93 59 2 
93 60 3 
93 61 2 
93 63 3 
93 64 2 
93 66 3 
93 67 4 
93 68 4 
93 69 3 
93 70 3 
93 71 3 
93 72 1 
93 73 4 
93 74 1 
93 75 4 
93 76 1 
93 78 2 
93 79 2 
93 81 2 
93 82 4 
93 83 1 
93 84 3 
93 85 2 
93 87 2 
93 88 4 
93 89 3 
93 91 3 
93 92 1 
93 94 2 
93 95 4 
93 97 1 
93 98 3 
94 0 4 
94 1 2 
94 2 3 
94 3 1 
94 4 1 
94 5 4 
94 6 1 
94 7 2 
94 8 4 
94 9 3 
94 14 1 
94 15 4 
94 16 2 
94 17 1 
94 18 1 
94 19 2 
94 20 4 
94 21 1 
94 22 1 
94 23 1 
94 24 1 
94 25 4 
94 27 2 
94 29 3 
94 30 3 
94 33 1 
94 34 1 
94 35 2 
94 36 1 
94 37 2 
94 39 1 
94 40 1 
94 42 1 
94 43 2 
94 44 1 
94 45 2 
94 46 1 
94 47 4 
94 48 3 
94 49 3 
94 50 1 
94 51 3 
94 53 3 
94 54 4 
94 55 2 
94 56 2 
94 58 4 
94 59 2 
94 60 3 
94 61 2 
94 62 2 
94 63 4 
94 64 4 
94 65 4 
94 66 2 
94 68 2 
94 69 2 
94 70 1 
94 71 4 
94 72 3 
94 73 3 
94 74 1 
94 75 4 
94 77 3 
94 78 3 
94 79 3 
94 80 1 
94 82 2 
94 83 1 
94 84 3 
94 85 2 
94 86 3 
94 87 1 
94 88 2 
94 89 3 
94 90 3 
94 91 1 
94 92 1 
94 93 1 
94 94 1 
94 95 1 
94 96 1 
94 97 3 
94 98 1 
94 99 3 
95 1 3 
95 2 2 
95 3 4 
95 4 1 
95 5 4 
95 6 3 
95 7 2 
95 8 2 
95 9 2 
95 10 1 
95 11 4 
95 12 2 
95 13 3 
95 15 1 
95 16 1 
95 17 4 
95 18 3 
95 19 4 
95 20 2 
95 21 2 
95 23 4 
95 24 3 
95 25 1 
95 29 2 
95 30 4 
95 33 1 
95 34 4 
95 35 2 
95 36 1 
95 37 3 
95 38 4 
95 39 4 
95 42 3 
95 43 3 
95 44 4 
95 45 4 
95 47 1 
95 48 3 
95 49 3 
95 51 1 
95 55 4 
95 56 2 
95 58 4 
95 59 2 
95 60 2 
95 61 3 
95 62 3 
95 63 3 
95 65 2 
95 66 1 
95 67 2 
95 68 1 
95 69 1 
95 70 1 
95 71 2 
95 72 2 
95 73 4 
95 74 1 
95 75 2 
95 76 3 
95 77 2 
95 78 3 
95 79 2 
95 81 3 
95 82 3 
95 83 1 
95 84 4 
95 85 3 
95 86 1 
95 87 1 
95 88 4 
95 90 3 
95 91 2 
95 92 4 
95 93 2 
95 94 1 
95 97 3 
95 98 2 
95 99 1 
96 1 3 
96 2 4 
96 3 2 
96 4 3 
96 6 4 
96 7 2 
96 8 2 
96 9 3 
96 10 4 
96 11 3 
96 12 1 
96 13 3 
96 14 4 
96 16 1 
96 17 1 
96 18 2 
96 19 1 
96 20 1 
96 21 1 
96 22 4 
96 23 1 
96 24 3 
96 25 1 
96 26 1 
96 27 3 
96 28 4 
96 29 4 
96 31 4 
96 32 3 
96 33 4 
96 34 2 
96 35 2 
96 37 1 
96 38 4 
96 39 2 
96 41 4 
96 43 2 
96 44 2 
96 46 3 
96 47 4 
96 48 1 
96 51 3 
96 52 2 
96 56 1 
96 57 2 
96 58 4 
96 60 1 
96 63 4 
96 64 4 
96 65 2 
96 66 2 
96 67 4 
96 68 4 
96 69 1 
96 70 2 
96 71 4 
96 73 3 
96 74 1 
96 75 3 
96 76 3 
96 77 4 
96 78 2 
96 81 3 
96 82 4 
96 83 2 
96 84 3 
96 85 4 
96 86 3 
96 87 4 
96 88 1 
96 89 2 
96 91 2 
96 92 2 
96 94 2 
96 95 2 
96 96 2 
96 97 4 
96 98 2 
96 99 1 
97 0 1 
97 1 4 
97 3 2 
97 4 3 
97 5 2 
97 7 1 
97 8 1 
97 9 3 
97 10 2 
97 11 1 
97 12 1 
97 13 1 
97 14 3 
97 15 4 
97 17 2 
97 18 4 
97 19 1 
97 20 4 
97 21 4 
97 22 4 
97 23 2 
97 25 2 
97 27 2 
97 28 2 
97 29 3 
97 30 3 
97 31 3 
97 32 3 
97 33 4 
97 34 1 
97 35 1 
97 36 1 
97 37 2 
97 38 3 
97 39 3 
97 42 4 
97 43 2 
97 44 1 
97 45 3 
97 46 2 
97 47 2 
97 49 1 
97 50 4 
97 52 1 
97 53 3 
97 54 3 
97 55 1 
97 56 1 
97 57 4 
97 58 3 
97 59 3 
97 60 2 
97 61 2 
97 62 2 
97 64 2 
97 65 3 
97 66 1 
97 67 4 
97 68 1 
97 69 4 
97 70 2 
97 71 1 
97 72 4 
97 73 2 
97 74 3 
97 75 1 
97 76 1 
97 77 1 
97 78 4 
97 79 2 
97 80 2 
97 81 3 
97 82 2 
97 83 4 
97 84 2 
97 85 1 
97 87 3 
97 89 4 
97 90 1 
97 91 2 
97 92 2 
97 93 3 
97 94 3 
97 96 2 
97 97 4 
97 98 4 
97 99 3 
98 0 4 
98 1 1 
98 3 4 
98 4 3 
98 5 4 
98 9 4 
98 10 2 
98 11 3 
98 12 3 
98 14 2 
98 16 1 
98 17 3 
98 18 3 
98 19 2 
98 20 3 
98 22 4 
98 24 4 
98 25 2 
98 27 1 
98 28 2 
98 29 4 
98 31 1 
98 32 1 
98 33 1 
98 36 1 
98 37 1 
98 39 2 
98 40 1 
98 41 2 
98 43 4 
98 44 3 
98 45 3 
98 46 4 
98 47 4 
98 48 1 
98 49 3 
98 50 1 
98 51 4 
98 52 3 
98 53 1 
98 55 2 
98 56 4 
98 57 1 
98 58 4 
98 59 2 
98 60 1 
98 61 4 
98 62 3 
98 63 2 
98 64 1 
98 65 4 
98 66 3 
98 67 2 
98 69 3 
98 70 4 
98 71 1 
98 72 1 
98 74 1 
98 75 4 
98 76 3 
98 77 1 
98 78 4 
98 80 4 
98 81 1 
98 83 2 
98 84 2 
98 87 2 
98 88 2 
98 89 4 
98 90 4 
98 91 3 
98 92 4 
98 93 3 
98 94 1 
98 96 2 
98 97 4 
98 98 2 
98 99 3 
99 0 3 
99 1 2 
99 2 4 
99 3 4 
99 4 2 
99 5 1 
99 6 4 
99 8 2 
99 9 3 
99 11 2 
99 12 4 
99 13 1 
99 14 4 
99 15 2 
99 16 2 
99 18 4 
99 19 4 
99 20 4 
99 21 4 
99 22 3 
99 23 3 
99 24 2 
99 25 4 
99 26 3 
99 27 4 
99 28 3 
99 29 1 
99 30 2 
99 31 1 
99 32 3 
99 33 2 
99 34 1 
99 35 1 
99 36 4 
99 38 1 
99 39 1 
99 40 4 
99 41 2 
99 42 3 
99 43 3 
99 44 3 
99 45 3 
99 48 4 
99 51 3 
99 53 3 
99 54 1 
99 55 2 
99 56 2 
99 58 2 
99 59 1 
99 60 2 
99 62 3 
99 63 1 
99 64 3 
99 65 4 
99 66 2 
99 67 2 
99 69 3 
99 70 4 
99 71 4 
99 72 1 
99 73 3 
99 74 3 
99 76 2 
99 77 4 
99 79 1 
99 80 4 
99 81 1 
99 84 4 
99 85 2 
99 86 2 
99 87 2 
99 88 2 
99 90 3 
99 93 2 
99 94 1 
99 95 4 
99 96 2 
99 97 3 
99 98 2 
99 99 2 
