0 0 2147
1 0 2115
10 0 1989
100 0 2077
101 0 2043
102 0 2034
103 0 2086
104 0 2075
105 0 2093
106 0 2000
107 0 2136
108 0 2119
109 0 2150
11 0 2238
110 0 2171
111 0 2110
112 0 2168
113 0 2108
114 0 1986
115 0 2063
116 0 2038
117 0 2123
118 0 2022
119 0 2090
12 0 2190
120 0 2100
121 0 2083
122 0 2140
123 0 2046
124 0 2010
125 0 2024
126 0 2097
127 0 2112
128 0 2001
129 0 2083
13 0 1995
130 0 2173
131 0 2278
132 0 2011
133 0 1953
134 0 2191
135 0 1903
136 0 2131
137 0 2085
138 0 2173
139 0 2073
14 0 1977
140 0 2194
141 0 2000
142 0 2023
143 0 2111
144 0 2092
145 0 2057
146 0 2051
147 0 2097
148 0 1994
149 0 2103
15 0 2077
150 0 2164
151 0 2032
152 0 2050
153 0 2108
154 0 2098
155 0 1874
156 0 1995
157 0 1952
158 0 2084
159 0 2084
16 0 2028
160 0 2035
161 0 2304
162 0 1974
163 0 1970
164 0 2105
165 0 1957
166 0 2068
167 0 1942
168 0 2030
169 0 2028
17 0 1999
170 0 1973
171 0 2019
172 0 1982
173 0 2074
174 0 2187
175 0 2095
176 0 2092
177 0 2094
178 0 1966
179 0 2194
18 0 2065
180 0 2117
181 0 2066
182 0 2231
183 0 2146
184 0 2072
185 0 1993
186 0 2043
187 0 1978
188 0 2100
189 0 2071
19 0 2047
190 0 1983
191 0 2134
192 0 2169
193 0 2100
194 0 2204
195 0 2179
196 0 1956
197 0 2222
198 0 2105
199 0 2173
2 0 2106
20 0 2069
200 0 1918
201 0 2076
202 0 1924
203 0 2008
204 0 2111
205 0 2009
206 0 2131
207 0 2157
208 0 2184
209 0 2147
21 0 2019
210 0 2126
211 0 2013
212 0 2131
213 0 2106
214 0 1949
215 0 2070
216 0 1981
217 0 2161
218 0 2094
219 0 2255
22 0 2109
220 0 2048
221 0 2050
222 0 2021
223 0 2189
224 0 2068
225 0 1917
226 0 2161
227 0 2086
228 0 2092
229 0 2007
23 0 2091
230 0 2145
231 0 2065
232 0 2134
233 0 1998
234 0 1933
235 0 2083
236 0 2022
237 0 2053
238 0 2067
239 0 2082
24 0 1863
240 0 1957
241 0 2096
242 0 2124
243 0 2121
244 0 1937
245 0 2064
246 0 2040
247 0 2218
248 0 2099
249 0 2205
25 0 2106
250 0 2008
251 0 2172
252 0 2130
253 0 2038
254 0 2157
255 0 1997
256 0 1948
257 0 2195
258 0 2053
259 0 1966
26 0 2047
260 0 2038
261 0 2016
262 0 2088
263 0 2087
264 0 2139
265 0 1943
266 0 1990
267 0 1955
268 0 1974
269 0 2255
27 0 2214
270 0 2007
271 0 2215
272 0 2213
273 0 2086
274 0 2017
275 0 1882
276 0 2074
277 0 2094
278 0 2072
279 0 2109
28 0 2028
280 0 1961
281 0 1942
282 0 2031
283 0 2141
284 0 2047
285 0 2137
286 0 1935
287 0 2081
288 0 2105
289 0 2146
29 0 1999
290 0 2051
291 0 2174
292 0 2001
293 0 2159
294 0 2046
295 0 2143
296 0 1969
297 0 2117
298 0 2044
299 0 2044
3 0 2202
30 0 2089
300 0 2079
301 0 1999
302 0 2071
303 0 1971
304 0 2095
305 0 2135
306 0 2124
307 0 1954
308 0 2084
309 0 2009
31 0 2131
310 0 2135
311 0 2181
312 0 2005
313 0 2028
314 0 2081
315 0 2162
316 0 2147
317 0 2158
318 0 2044
319 0 2070
32 0 2098
320 0 2131
321 0 2085
322 0 2002
323 0 2035
324 0 2105
325 0 1892
326 0 2132
327 0 2126
328 0 2087
329 0 2162
33 0 2025
330 0 2191
331 0 2107
332 0 1970
333 0 2005
334 0 2068
335 0 2098
336 0 2133
337 0 2025
338 0 2062
339 0 2103
34 0 2108
340 0 2125
341 0 2039
342 0 2064
343 0 2037
344 0 2116
345 0 2033
346 0 2138
347 0 2094
348 0 2159
349 0 2043
35 0 2062
350 0 2006
351 0 2102
352 0 2219
353 0 2102
354 0 2015
355 0 2002
356 0 2025
357 0 2090
358 0 1999
359 0 2070
36 0 2060
360 0 2045
361 0 2041
362 0 1974
363 0 2040
364 0 2066
365 0 2083
366 0 2037
367 0 2131
368 0 2063
369 0 2063
37 0 2096
370 0 2110
371 0 2189
372 0 2035
373 0 2018
374 0 2078
375 0 2031
376 0 1915
377 0 2117
378 0 2227
379 0 2135
38 0 2090
380 0 1921
381 0 2031
382 0 2054
383 0 2058
384 0 2007
385 0 2010
386 0 2031
387 0 2089
388 0 2140
389 0 1956
39 0 1991
390 0 2223
391 0 2058
392 0 1894
393 0 1983
394 0 2116
395 0 2235
396 0 1983
397 0 2197
398 0 2098
399 0 2048
4 0 2040
40 0 1987
400 0 2074
401 0 2036
402 0 1993
403 0 2056
404 0 2073
405 0 2128
406 0 2082
407 0 1966
408 0 2033
409 0 1976
41 0 2105
410 0 2099
411 0 1998
412 0 1967
413 0 2043
414 0 2050
415 0 1907
416 0 2243
417 0 2254
418 0 2036
419 0 2085
42 0 2171
420 0 1988
421 0 2178
422 0 2108
423 0 2092
424 0 2132
425 0 2116
426 0 1952
427 0 2065
428 0 2104
429 0 2041
43 0 2122
430 0 2049
431 0 2087
432 0 2019
433 0 1993
434 0 2030
435 0 1978
436 0 2185
437 0 1962
438 0 2157
439 0 2061
44 0 2000
440 0 1967
441 0 2066
442 0 2217
443 0 1996
444 0 1992
445 0 1881
446 0 2182
447 0 2127
448 0 2031
449 0 2017
45 0 2116
450 0 2215
451 0 2128
452 0 2026
453 0 1955
454 0 2123
455 0 2001
456 0 2074
457 0 2048
458 0 2165
459 0 2061
46 0 2048
460 0 1968
461 0 2010
462 0 2085
463 0 2106
464 0 2078
465 0 1953
466 0 2121
467 0 2066
468 0 2139
469 0 2180
47 0 2017
470 0 2081
471 0 2125
472 0 1995
473 0 1993
474 0 2050
475 0 1969
476 0 1950
477 0 2146
478 0 2057
479 0 2137
48 0 2045
480 0 2083
481 0 2104
482 0 2097
483 0 2274
484 0 1998
485 0 1990
486 0 2135
487 0 1961
488 0 2154
489 0 2005
49 0 2086
490 0 1952
491 0 2078
492 0 1985
493 0 2158
494 0 1972
495 0 2055
496 0 2182
497 0 1926
498 0 2024
499 0 2109
5 0 1859
50 0 1986
500 0 1989
501 0 2088
502 0 2030
503 0 2145
504 0 1973
505 0 2194
506 0 2145
507 0 1963
508 0 2081
509 0 2142
51 0 2034
510 0 2081
511 0 2053
512 0 2133
513 0 2005
514 0 2083
515 0 2151
516 0 2105
517 0 2142
518 0 2082
519 0 2096
52 0 2069
520 0 2125
521 0 2119
522 0 2091
523 0 2126
524 0 2189
525 0 2061
526 0 1897
527 0 2061
528 0 2052
529 0 2074
53 0 2096
530 0 2000
531 0 2106
532 0 2082
533 0 2034
534 0 1926
535 0 2089
536 0 2157
537 0 1989
538 0 2134
539 0 2065
54 0 1895
540 0 2148
541 0 2083
542 0 2212
543 0 2031
544 0 2016
545 0 2067
546 0 2112
547 0 2203
548 0 2224
549 0 2015
55 0 1943
550 0 2095
551 0 2077
552 0 1984
553 0 2096
554 0 2096
555 0 1957
556 0 2178
557 0 2169
558 0 2139
559 0 2005
56 0 2151
560 0 2021
561 0 2069
562 0 2195
563 0 2042
564 0 2058
565 0 2221
566 0 1952
567 0 2034
568 0 2180
569 0 2085
57 0 2152
570 0 2075
571 0 2152
572 0 2028
573 0 2035
574 0 2005
575 0 1978
576 0 2023
577 0 2109
578 0 2004
579 0 2047
58 0 1977
580 0 2099
581 0 2029
582 0 2086
583 0 2150
584 0 2193
585 0 2099
586 0 2108
587 0 2073
588 0 2115
589 0 2109
59 0 2117
590 0 2057
591 0 1924
592 0 1967
593 0 2127
594 0 1894
595 0 2093
596 0 2034
597 0 2034
598 0 1928
599 0 1960
6 0 2146
60 0 1993
600 0 1911
601 0 2027
602 0 2177
603 0 2139
604 0 2014
605 0 2130
606 0 2008
607 0 2057
608 0 2023
609 0 1958
61 0 2032
610 0 2071
611 0 2038
612 0 2055
613 0 2157
614 0 2151
615 0 2089
616 0 2028
617 0 2118
618 0 2047
619 0 2092
62 0 2044
620 0 2064
621 0 1940
622 0 2159
623 0 1997
624 0 2181
625 0 2043
626 0 1976
627 0 2052
628 0 1981
629 0 2024
63 0 2041
630 0 1985
631 0 2114
632 0 2075
633 0 2065
634 0 2127
635 0 1947
636 0 2038
637 0 2015
638 0 1933
639 0 2105
64 0 2150
640 0 2113
641 0 2068
642 0 2127
643 0 1961
644 0 1914
645 0 1975
646 0 1917
647 0 1971
648 0 2096
649 0 1924
65 0 2137
650 0 2033
651 0 2204
652 0 2224
653 0 2066
654 0 2134
655 0 2062
656 0 1981
657 0 2060
658 0 2064
659 0 2103
66 0 2025
660 0 2092
661 0 1972
662 0 2218
663 0 2015
664 0 2048
665 0 2107
666 0 2106
667 0 2092
668 0 2043
669 0 1978
67 0 1859
670 0 1947
671 0 2116
672 0 2017
673 0 2110
674 0 2050
675 0 2017
676 0 2121
677 0 1964
678 0 2186
679 0 1976
68 0 2184
680 0 2116
681 0 2071
682 0 1998
683 0 2101
684 0 2108
685 0 2096
686 0 2000
687 0 2052
688 0 2143
689 0 2165
69 0 2106
690 0 1967
691 0 2181
692 0 1998
693 0 2013
694 0 1980
695 0 2115
696 0 2155
697 0 1998
698 0 2117
699 0 2177
7 0 2093
70 0 2124
700 0 1952
701 0 2063
702 0 2187
703 0 2021
704 0 2051
705 0 2011
706 0 2156
707 0 2042
708 0 2105
709 0 2095
71 0 2146
710 0 2162
711 0 2074
712 0 2117
713 0 2049
714 0 1855
715 0 1961
716 0 2100
717 0 2082
718 0 2040
719 0 2088
72 0 2045
720 0 2062
721 0 2178
722 0 2023
723 0 2185
724 0 1964
725 0 1994
726 0 2098
727 0 2035
728 0 2112
729 0 2148
73 0 1953
730 0 2117
731 0 1992
732 0 2111
733 0 2176
734 0 2111
735 0 1948
736 0 2029
737 0 1963
738 0 2095
739 0 2003
74 0 1990
740 0 2063
741 0 2017
742 0 2024
743 0 1997
744 0 2130
745 0 2116
746 0 1926
747 0 2265
748 0 2185
749 0 2013
75 0 1984
750 0 2129
751 0 1997
752 0 2133
753 0 2081
754 0 2121
755 0 2048
756 0 2015
757 0 2036
758 0 1997
759 0 2058
76 0 2004
760 0 2011
761 0 1968
762 0 2063
763 0 1961
764 0 2043
765 0 1980
766 0 2090
767 0 2040
768 0 1962
769 0 2073
77 0 2015
770 0 2085
771 0 2038
772 0 2107
773 0 2126
774 0 2079
775 0 2105
776 0 2119
777 0 2071
778 0 2107
779 0 2114
78 0 2037
780 0 2029
781 0 2110
782 0 2069
783 0 1985
784 0 2096
785 0 2111
786 0 2103
787 0 2157
788 0 1995
789 0 2101
79 0 2015
790 0 1916
791 0 2038
792 0 2174
793 0 2122
794 0 2042
795 0 2089
796 0 2062
797 0 1877
798 0 2243
799 0 2084
8 0 2033
80 0 2158
800 0 2018
801 0 2049
802 0 2064
803 0 1988
804 0 2142
805 0 2149
806 0 1939
807 0 2052
808 0 2027
809 0 2171
81 0 2150
810 0 2000
811 0 2010
812 0 2161
813 0 2106
814 0 2048
815 0 2118
816 0 2223
817 0 1994
818 0 2054
819 0 1891
82 0 2138
820 0 2094
821 0 1986
822 0 1971
823 0 2050
824 0 1990
825 0 2062
826 0 2124
827 0 2237
828 0 1956
829 0 2138
83 0 2117
830 0 2251
831 0 2137
832 0 2052
833 0 2070
834 0 2129
835 0 2083
836 0 2024
837 0 2138
838 0 2085
839 0 2049
84 0 2149
840 0 2085
841 0 2013
842 0 1995
843 0 2074
844 0 2052
845 0 2033
846 0 1982
847 0 2107
848 0 2101
849 0 2133
85 0 2161
850 0 2192
851 0 2239
852 0 2104
853 0 2114
854 0 2128
855 0 2057
856 0 2182
857 0 2148
858 0 2147
859 0 2053
86 0 2116
860 0 2035
861 0 1931
862 0 2131
863 0 2098
864 0 1891
865 0 1980
866 0 2189
867 0 2088
868 0 2024
869 0 1995
87 0 2095
870 0 2007
871 0 2022
872 0 1985
873 0 2068
874 0 2178
875 0 2174
876 0 1998
877 0 2118
878 0 2068
879 0 2073
88 0 2201
880 0 2012
881 0 1964
882 0 2004
883 0 1981
884 0 2026
885 0 2031
886 0 2174
887 0 2116
888 0 2007
889 0 2214
89 0 1847
890 0 2009
891 0 2049
892 0 2009
893 0 2093
894 0 2043
895 0 1998
896 0 2130
897 0 2010
898 0 2084
899 0 2128
9 0 2065
90 0 2081
900 0 2071
901 0 1957
902 0 2183
903 0 2045
904 0 2165
905 0 1991
906 0 2001
907 0 1999
908 0 2118
909 0 1993
91 0 2102
910 0 2012
911 0 2153
912 0 1933
913 0 1977
914 0 1930
915 0 2015
916 0 2125
917 0 1959
918 0 2088
919 0 2176
92 0 2137
920 0 2125
921 0 2137
922 0 1971
923 0 1996
924 0 2075
925 0 2072
926 0 2150
927 0 2043
928 0 2029
929 0 2144
93 0 2112
930 0 2109
931 0 1984
932 0 2085
933 0 2038
934 0 2012
935 0 2124
936 0 2165
937 0 1992
938 0 2192
939 0 2054
94 0 2154
940 0 2217
941 0 2059
942 0 2243
943 0 1994
944 0 2196
945 0 2085
946 0 2034
947 0 2083
948 0 1963
949 0 2014
95 0 2046
950 0 2234
951 0 2134
952 0 2096
953 0 2009
954 0 2153
955 0 2121
956 0 2139
957 0 2151
958 0 2033
959 0 2039
96 0 2134
960 0 2047
961 0 2078
962 0 2187
963 0 2073
964 0 2044
965 0 2181
966 0 2079
967 0 2066
968 0 2024
969 0 1996
97 0 1960
970 0 2059
971 0 2129
972 0 1956
973 0 2009
974 0 2091
975 0 2061
976 0 2101
977 0 2071
978 0 2163
979 0 2076
98 0 2155
980 0 2072
981 0 2101
982 0 2058
983 0 2019
984 0 2249
985 0 2081
986 0 2086
987 0 2025
988 0 2039
989 0 2128
99 0 1898
990 0 2141
991 0 2243
992 0 1943
993 0 2114
994 0 2041
995 0 2184
996 0 2015
997 0 2088
998 0 2147
999 0 2018
