0 0 24
0 10 23
0 11 29
0 12 22
0 13 25
0 14 25
0 15 27
0 16 29
0 17 25
0 18 26
0 19 24
0 1 22
0 20 21
0 21 25
0 22 25
0 23 27
0 24 19
0 25 23
0 26 20
0 27 26
0 28 29
0 29 26
0 2 29
0 30 26
0 31 27
0 32 24
0 33 27
0 34 17
0 35 21
0 36 23
0 37 24
0 38 19
0 39 26
0 3 25
0 40 24
0 41 24
0 42 24
0 43 26
0 44 23
0 45 32
0 46 19
0 47 25
0 48 18
0 49 28
0 4 31
0 50 25
0 51 30
0 52 21
0 53 26
0 54 24
0 55 24
0 56 25
0 57 27
0 58 26
0 59 26
0 5 23
0 60 25
0 61 22
0 62 30
0 63 25
0 64 24
0 65 27
0 66 28
0 67 25
0 68 27
0 69 22
0 6 24
0 70 19
0 71 22
0 72 28
0 73 26
0 74 16
0 75 21
0 76 28
0 77 19
0 78 21
0 79 23
0 7 26
0 80 27
0 81 19
0 82 24
0 83 28
0 84 27
0 85 26
0 86 29
0 87 17
0 88 31
0 89 28
0 8 22
0 90 25
0 91 26
0 92 26
0 93 23
0 94 24
0 95 29
0 96 26
0 97 26
0 98 34
0 99 20
0 9 21
1 0 13
1 10 16
1 11 24
1 12 19
1 13 19
1 14 18
1 15 22
1 16 19
1 17 18
1 18 17
1 19 20
1 1 17
1 20 15
1 21 18
1 22 20
1 23 20
1 24 16
1 25 20
1 26 18
1 27 17
1 28 21
1 29 27
1 2 18
1 30 19
1 31 26
1 32 13
1 33 21
1 34 19
1 35 11
1 36 20
1 37 25
1 38 18
1 39 20
1 3 21
1 40 17
1 41 17
1 42 18
1 43 18
1 44 16
1 45 21
1 46 13
1 47 20
1 48 20
1 49 24
1 4 24
1 50 17
1 51 15
1 52 15
1 53 19
1 54 16
1 55 15
1 56 23
1 57 16
1 58 26
1 59 20
1 5 18
1 60 20
1 61 18
1 62 17
1 63 22
1 64 19
1 65 21
1 66 23
1 67 24
1 68 24
1 69 14
1 6 16
1 70 21
1 71 17
1 72 18
1 73 21
1 74 15
1 75 20
1 76 16
1 77 15
1 78 14
1 79 22
1 7 22
1 80 20
1 81 17
1 82 18
1 83 21
1 84 17
1 85 20
1 86 18
1 87 13
1 88 19
1 89 18
1 8 13
1 90 13
1 91 19
1 92 24
1 93 13
1 94 17
1 95 28
1 96 19
1 97 16
1 98 20
1 99 16
1 9 20
10 0 24
10 10 27
10 11 30
10 12 27
10 13 30
10 14 30
10 15 26
10 16 28
10 17 28
10 18 25
10 19 28
10 1 23
10 20 21
10 21 21
10 22 25
10 23 27
10 24 26
10 25 24
10 26 23
10 27 29
10 28 30
10 29 30
10 2 25
10 30 21
10 31 36
10 32 25
10 33 28
10 34 19
10 35 27
10 36 28
10 37 27
10 38 30
10 39 24
10 3 27
10 40 22
10 41 22
10 42 26
10 43 25
10 44 28
10 45 33
10 46 20
10 47 27
10 48 15
10 49 34
10 4 29
10 50 28
10 51 20
10 52 24
10 53 30
10 54 23
10 55 24
10 56 33
10 57 23
10 58 28
10 59 26
10 5 26
10 60 23
10 61 23
10 62 32
10 63 27
10 64 23
10 65 25
10 66 34
10 67 27
10 68 34
10 69 25
10 6 23
10 70 20
10 71 25
10 72 33
10 73 27
10 74 18
10 75 24
10 76 23
10 77 22
10 78 20
10 79 27
10 7 21
10 80 34
10 81 21
10 82 25
10 83 26
10 84 18
10 85 26
10 86 30
10 87 18
10 88 27
10 89 26
10 8 22
10 90 24
10 91 24
10 92 28
10 93 22
10 94 22
10 95 31
10 96 25
10 97 25
10 98 28
10 99 22
10 9 28
11 0 19
11 10 26
11 11 26
11 12 28
11 13 34
11 14 26
11 15 23
11 16 25
11 17 25
11 18 24
11 19 27
11 1 25
11 20 27
11 21 21
11 22 23
11 23 23
11 24 26
11 25 20
11 26 19
11 27 29
11 28 30
11 29 29
11 2 26
11 30 26
11 31 27
11 32 24
11 33 29
11 34 18
11 35 16
11 36 27
11 37 32
11 38 26
11 39 24
11 3 28
11 40 22
11 41 23
11 42 23
11 43 24
11 44 18
11 45 25
11 46 18
11 47 23
11 48 19
11 49 26
11 4 26
11 50 24
11 51 21
11 52 22
11 53 25
11 54 20
11 55 26
11 56 30
11 57 23
11 58 29
11 59 31
11 5 27
11 60 26
11 61 27
11 62 22
11 63 28
11 64 19
11 65 26
11 66 33
11 67 26
11 68 30
11 69 19
11 6 27
11 70 24
11 71 27
11 72 25
11 73 25
11 74 17
11 75 24
11 76 23
11 77 19
11 78 24
11 79 24
11 7 24
11 80 25
11 81 26
11 82 30
11 83 21
11 84 20
11 85 23
11 86 32
11 87 19
11 88 23
11 89 24
11 8 22
11 90 18
11 91 25
11 92 32
11 93 17
11 94 29
11 95 30
11 96 25
11 97 25
11 98 25
11 99 20
11 9 23
12 0 18
12 10 20
12 11 24
12 12 29
12 13 28
12 14 25
12 15 25
12 16 23
12 17 26
12 18 26
12 19 29
12 1 23
12 20 19
12 21 21
12 22 26
12 23 24
12 24 24
12 25 19
12 26 16
12 27 25
12 28 27
12 29 28
12 2 23
12 30 23
12 31 28
12 32 20
12 33 22
12 34 17
12 35 20
12 36 28
12 37 29
12 38 20
12 39 26
12 3 25
12 40 26
12 41 25
12 42 24
12 43 25
12 44 17
12 45 29
12 46 15
12 47 26
12 48 19
12 49 22
12 4 27
12 50 21
12 51 22
12 52 19
12 53 21
12 54 20
12 55 26
12 56 26
12 57 20
12 58 23
12 59 24
12 5 20
12 60 27
12 61 24
12 62 18
12 63 21
12 64 21
12 65 23
12 66 27
12 67 24
12 68 22
12 69 21
12 6 28
12 70 27
12 71 22
12 72 21
12 73 24
12 74 17
12 75 23
12 76 26
12 77 18
12 78 20
12 79 24
12 7 28
12 80 27
12 81 20
12 82 24
12 83 25
12 84 18
12 85 24
12 86 30
12 87 15
12 88 31
12 89 22
12 8 20
12 90 20
12 91 26
12 92 30
12 93 21
12 94 24
12 95 27
12 96 20
12 97 24
12 98 25
12 99 17
12 9 24
13 0 17
13 10 23
13 11 30
13 12 24
13 13 30
13 14 22
13 15 23
13 16 27
13 17 27
13 18 26
13 19 29
13 1 22
13 20 24
13 21 21
13 22 24
13 23 21
13 24 22
13 25 18
13 26 16
13 27 30
13 28 31
13 29 26
13 2 21
13 30 26
13 31 29
13 32 24
13 33 21
13 34 17
13 35 19
13 36 30
13 37 27
13 38 24
13 39 25
13 3 28
13 40 24
13 41 25
13 42 25
13 43 20
13 44 20
13 45 25
13 46 21
13 47 22
13 48 19
13 49 23
13 4 30
13 50 25
13 51 23
13 52 18
13 53 22
13 54 23
13 55 22
13 56 24
13 57 22
13 58 21
13 59 22
13 5 25
13 60 22
13 61 27
13 62 22
13 63 21
13 64 21
13 65 24
13 66 31
13 67 28
13 68 26
13 69 23
13 6 31
13 70 20
13 71 27
13 72 25
13 73 28
13 74 18
13 75 24
13 76 26
13 77 21
13 78 18
13 79 25
13 7 22
13 80 25
13 81 21
13 82 31
13 83 23
13 84 24
13 85 19
13 86 25
13 87 17
13 88 23
13 89 24
13 8 17
13 90 25
13 91 23
13 92 27
13 93 19
13 94 25
13 95 26
13 96 19
13 97 26
13 98 23
13 99 23
13 9 23
14 0 22
14 10 25
14 11 30
14 12 27
14 13 28
14 14 22
14 15 23
14 16 21
14 17 23
14 18 28
14 19 26
14 1 19
14 20 24
14 21 25
14 22 26
14 23 27
14 24 23
14 25 17
14 26 18
14 27 23
14 28 26
14 29 26
14 2 25
14 30 24
14 31 27
14 32 21
14 33 25
14 34 19
14 35 19
14 36 27
14 37 30
14 38 22
14 39 27
14 3 27
14 40 21
14 41 20
14 42 30
14 43 26
14 44 19
14 45 26
14 46 23
14 47 26
14 48 19
14 49 22
14 4 27
14 50 25
14 51 26
14 52 22
14 53 23
14 54 19
14 55 23
14 56 32
14 57 26
14 58 25
14 59 32
14 5 23
14 60 21
14 61 25
14 62 27
14 63 27
14 64 25
14 65 28
14 66 33
14 67 28
14 68 32
14 69 27
14 6 26
14 70 23
14 71 27
14 72 29
14 73 25
14 74 16
14 75 27
14 76 23
14 77 16
14 78 23
14 79 25
14 7 26
14 80 23
14 81 25
14 82 25
14 83 26
14 84 21
14 85 23
14 86 26
14 87 20
14 88 25
14 89 24
14 8 20
14 90 19
14 91 24
14 92 30
14 93 21
14 94 28
14 95 30
14 96 24
14 97 26
14 98 27
14 99 21
14 9 23
15 0 13
15 10 18
15 11 22
15 12 25
15 13 28
15 14 21
15 15 19
15 16 21
15 17 27
15 18 22
15 19 22
15 1 20
15 20 16
15 21 20
15 22 17
15 23 23
15 24 18
15 25 19
15 26 13
15 27 23
15 28 25
15 29 19
15 2 15
15 30 20
15 31 26
15 32 20
15 33 19
15 34 16
15 35 18
15 36 27
15 37 22
15 38 17
15 39 18
15 3 24
15 40 21
15 41 18
15 42 19
15 43 20
15 44 20
15 45 20
15 46 17
15 47 26
15 48 15
15 49 19
15 4 24
15 50 21
15 51 19
15 52 19
15 53 16
15 54 20
15 55 23
15 56 20
15 57 18
15 58 23
15 59 23
15 5 17
15 60 25
15 61 20
15 62 22
15 63 26
15 64 20
15 65 18
15 66 21
15 67 24
15 68 20
15 69 19
15 6 20
15 70 13
15 71 22
15 72 20
15 73 20
15 74 17
15 75 19
15 76 20
15 77 17
15 78 17
15 79 18
15 7 21
15 80 25
15 81 19
15 82 21
15 83 22
15 84 21
15 85 20
15 86 23
15 87 16
15 88 18
15 89 20
15 8 22
15 90 17
15 91 24
15 92 25
15 93 18
15 94 23
15 95 23
15 96 18
15 97 20
15 98 26
15 99 19
15 9 22
16 0 19
16 10 19
16 11 24
16 12 18
16 13 29
16 14 25
16 15 22
16 16 22
16 17 25
16 18 20
16 19 24
16 1 20
16 20 21
16 21 27
16 22 15
16 23 26
16 24 20
16 25 22
16 26 17
16 27 27
16 28 23
16 29 33
16 2 25
16 30 21
16 31 24
16 32 27
16 33 26
16 34 14
16 35 17
16 36 25
16 37 30
16 38 27
16 39 26
16 3 24
16 40 19
16 41 18
16 42 22
16 43 17
16 44 21
16 45 26
16 46 17
16 47 21
16 48 20
16 49 27
16 4 27
16 50 25
16 51 20
16 52 20
16 53 23
16 54 25
16 55 20
16 56 27
16 57 23
16 58 26
16 59 25
16 5 18
16 60 24
16 61 25
16 62 27
16 63 26
16 64 18
16 65 28
16 66 28
16 67 22
16 68 27
16 69 21
16 6 29
16 70 20
16 71 24
16 72 26
16 73 25
16 74 17
16 75 24
16 76 25
16 77 20
16 78 22
16 79 20
16 7 24
16 80 23
16 81 19
16 82 28
16 83 24
16 84 23
16 85 21
16 86 27
16 87 15
16 88 20
16 89 24
16 8 16
16 90 18
16 91 24
16 92 27
16 93 21
16 94 23
16 95 24
16 96 21
16 97 29
16 98 20
16 99 20
16 9 22
17 0 17
17 10 25
17 11 31
17 12 26
17 13 28
17 14 21
17 15 24
17 16 22
17 17 29
17 18 27
17 19 23
17 1 21
17 20 18
17 21 24
17 22 23
17 23 23
17 24 20
17 25 19
17 26 21
17 27 23
17 28 20
17 29 30
17 2 30
17 30 26
17 31 27
17 32 18
17 33 24
17 34 18
17 35 18
17 36 24
17 37 29
17 38 20
17 39 26
17 3 23
17 40 22
17 41 20
17 42 26
17 43 26
17 44 22
17 45 25
17 46 22
17 47 22
17 48 17
17 49 20
17 4 27
17 50 23
17 51 24
17 52 19
17 53 25
17 54 22
17 55 24
17 56 31
17 57 26
17 58 26
17 59 25
17 5 24
17 60 24
17 61 25
17 62 26
17 63 23
17 64 23
17 65 27
17 66 28
17 67 23
17 68 29
17 69 24
17 6 20
17 70 21
17 71 23
17 72 26
17 73 22
17 74 17
17 75 20
17 76 20
17 77 17
17 78 22
17 79 26
17 7 26
17 80 28
17 81 17
17 82 25
17 83 27
17 84 19
17 85 18
17 86 23
17 87 15
17 88 27
17 89 23
17 8 17
17 90 14
17 91 30
17 92 29
17 93 19
17 94 25
17 95 28
17 96 21
17 97 24
17 98 24
17 99 16
17 9 16
18 0 17
18 10 25
18 11 28
18 12 28
18 13 24
18 14 24
18 15 20
18 16 25
18 17 20
18 18 25
18 19 24
18 1 22
18 20 20
18 21 26
18 22 28
18 23 20
18 24 22
18 25 21
18 26 19
18 27 25
18 28 27
18 29 30
18 2 28
18 30 28
18 31 28
18 32 24
18 33 19
18 34 18
18 35 14
18 36 26
18 37 26
18 38 23
18 39 25
18 3 22
18 40 28
18 41 25
18 42 26
18 43 22
18 44 17
18 45 22
18 46 21
18 47 25
18 48 21
18 49 19
18 4 22
18 50 21
18 51 22
18 52 19
18 53 24
18 54 19
18 55 29
18 56 29
18 57 23
18 58 27
18 59 26
18 5 24
18 60 25
18 61 27
18 62 22
18 63 24
18 64 21
18 65 22
18 66 26
18 67 30
18 68 29
18 69 24
18 6 23
18 70 23
18 71 25
18 72 24
18 73 24
18 74 16
18 75 21
18 76 21
18 77 15
18 78 26
18 79 28
18 7 19
18 80 22
18 81 21
18 82 21
18 83 22
18 84 17
18 85 25
18 86 25
18 87 18
18 88 22
18 89 20
18 8 19
18 90 20
18 91 24
18 92 32
18 93 20
18 94 19
18 95 25
18 96 24
18 97 25
18 98 25
18 99 22
18 9 22
19 0 19
19 10 24
19 11 29
19 12 29
19 13 30
19 14 26
19 15 27
19 16 25
19 17 31
19 18 25
19 19 31
19 1 25
19 20 22
19 21 26
19 22 25
19 23 26
19 24 27
19 25 27
19 26 20
19 27 30
19 28 34
19 29 28
19 2 25
19 30 27
19 31 33
19 32 24
19 33 31
19 34 22
19 35 27
19 36 35
19 37 26
19 38 31
19 39 25
19 3 33
19 40 27
19 41 24
19 42 23
19 43 25
19 44 23
19 45 34
19 46 17
19 47 27
19 48 19
19 49 34
19 4 32
19 50 28
19 51 23
19 52 24
19 53 24
19 54 26
19 55 30
19 56 29
19 57 21
19 58 28
19 59 33
19 5 27
19 60 30
19 61 28
19 62 29
19 63 31
19 64 25
19 65 28
19 66 31
19 67 33
19 68 30
19 69 24
19 6 28
19 70 22
19 71 25
19 72 32
19 73 27
19 74 21
19 75 23
19 76 29
19 77 22
19 78 24
19 79 22
19 7 27
19 80 28
19 81 23
19 82 30
19 83 28
19 84 24
19 85 29
19 86 32
19 87 26
19 88 28
19 89 27
19 8 22
19 90 25
19 91 24
19 92 34
19 93 25
19 94 30
19 95 27
19 96 26
19 97 27
19 98 30
19 99 27
19 9 27
2 0 21
2 10 26
2 11 32
2 12 29
2 13 30
2 14 25
2 15 30
2 16 27
2 17 25
2 18 28
2 19 30
2 1 27
2 20 24
2 21 24
2 22 25
2 23 22
2 24 21
2 25 27
2 26 20
2 27 26
2 28 29
2 29 28
2 2 31
2 30 30
2 31 27
2 32 24
2 33 21
2 34 20
2 35 22
2 36 30
2 37 27
2 38 27
2 39 26
2 3 25
2 40 25
2 41 27
2 42 32
2 43 26
2 44 22
2 45 28
2 46 24
2 47 24
2 48 22
2 49 20
2 4 29
2 50 24
2 51 22
2 52 16
2 53 25
2 54 26
2 55 27
2 56 27
2 57 21
2 58 29
2 59 29
2 5 26
2 60 27
2 61 28
2 62 27
2 63 25
2 64 23
2 65 25
2 66 30
2 67 31
2 68 29
2 69 21
2 6 20
2 70 25
2 71 25
2 72 29
2 73 24
2 74 17
2 75 23
2 76 28
2 77 19
2 78 21
2 79 24
2 7 28
2 80 27
2 81 21
2 82 25
2 83 29
2 84 24
2 85 27
2 86 26
2 87 21
2 88 26
2 89 24
2 8 21
2 90 23
2 91 28
2 92 30
2 93 20
2 94 25
2 95 32
2 96 27
2 97 27
2 98 32
2 99 27
2 9 27
20 0 21
20 10 24
20 11 28
20 12 22
20 13 31
20 14 23
20 15 24
20 16 24
20 17 30
20 18 24
20 19 30
20 1 26
20 20 17
20 21 23
20 22 24
20 23 22
20 24 23
20 25 27
20 26 21
20 27 30
20 28 28
20 29 30
20 2 23
20 30 19
20 31 30
20 32 27
20 33 26
20 34 17
20 35 22
20 36 29
20 37 29
20 38 25
20 39 23
20 3 25
20 40 22
20 41 19
20 42 27
20 43 25
20 44 25
20 45 28
20 46 19
20 47 27
20 48 24
20 49 26
20 4 28
20 50 27
20 51 19
20 52 25
20 53 33
20 54 28
20 55 25
20 56 30
20 57 25
20 58 32
20 59 24
20 5 25
20 60 24
20 61 22
20 62 30
20 63 32
20 64 25
20 65 28
20 66 28
20 67 27
20 68 35
20 69 17
20 6 24
20 70 22
20 71 25
20 72 26
20 73 26
20 74 16
20 75 24
20 76 19
20 77 21
20 78 22
20 79 28
20 7 25
20 80 29
20 81 23
20 82 28
20 83 27
20 84 21
20 85 31
20 86 30
20 87 16
20 88 27
20 89 27
20 8 22
20 90 21
20 91 26
20 92 28
20 93 21
20 94 21
20 95 30
20 96 23
20 97 27
20 98 28
20 99 20
20 9 23
21 0 22
21 10 23
21 11 25
21 12 20
21 13 28
21 14 24
21 15 21
21 16 20
21 17 23
21 18 25
21 19 24
21 1 18
21 20 20
21 21 19
21 22 18
21 23 22
21 24 22
21 25 21
21 26 20
21 27 23
21 28 24
21 29 26
21 2 24
21 30 22
21 31 24
21 32 16
21 33 20
21 34 16
21 35 20
21 36 24
21 37 24
21 38 21
21 39 21
21 3 20
21 40 21
21 41 19
21 42 24
21 43 23
21 44 20
21 45 23
21 46 19
21 47 19
21 48 20
21 49 19
21 4 24
21 50 22
21 51 17
21 52 17
21 53 20
21 54 16
21 55 25
21 56 25
21 57 26
21 58 22
21 59 24
21 5 22
21 60 18
21 61 20
21 62 22
21 63 19
21 64 15
21 65 19
21 66 29
21 67 21
21 68 27
21 69 22
21 6 23
21 70 26
21 71 24
21 72 26
21 73 18
21 74 15
21 75 22
21 76 24
21 77 15
21 78 21
21 79 21
21 7 23
21 80 24
21 81 20
21 82 23
21 83 22
21 84 20
21 85 21
21 86 25
21 87 16
21 88 19
21 89 19
21 8 22
21 90 22
21 91 22
21 92 17
21 93 18
21 94 23
21 95 26
21 96 24
21 97 24
21 98 26
21 99 13
21 9 20
22 0 21
22 10 22
22 11 27
22 12 24
22 13 23
22 14 25
22 15 18
22 16 27
22 17 23
22 18 23
22 19 25
22 1 19
22 20 19
22 21 22
22 22 22
22 23 24
22 24 21
22 25 25
22 26 20
22 27 29
22 28 28
22 29 26
22 2 23
22 30 22
22 31 29
22 32 22
22 33 19
22 34 14
22 35 18
22 36 31
22 37 22
22 38 23
22 39 23
22 3 27
22 40 22
22 41 22
22 42 24
22 43 17
22 44 22
22 45 24
22 46 21
22 47 26
22 48 17
22 49 26
22 4 21
22 50 17
22 51 23
22 52 16
22 53 21
22 54 27
22 55 26
22 56 26
22 57 23
22 58 26
22 59 23
22 5 25
22 60 24
22 61 21
22 62 25
22 63 24
22 64 21
22 65 24
22 66 25
22 67 24
22 68 26
22 69 23
22 6 21
22 70 20
22 71 24
22 72 26
22 73 24
22 74 17
22 75 22
22 76 18
22 77 23
22 78 18
22 79 21
22 7 22
22 80 24
22 81 20
22 82 19
22 83 22
22 84 22
22 85 25
22 86 21
22 87 14
22 88 23
22 89 20
22 8 19
22 90 26
22 91 25
22 92 26
22 93 18
22 94 21
22 95 27
22 96 21
22 97 18
22 98 25
22 99 23
22 9 20
23 0 24
23 10 22
23 11 30
23 12 29
23 13 26
23 14 27
23 15 29
23 16 27
23 17 24
23 18 25
23 19 25
23 1 21
23 20 25
23 21 25
23 22 24
23 23 29
23 24 23
23 25 23
23 26 23
23 27 30
23 28 28
23 29 26
23 2 26
23 30 27
23 31 29
23 32 25
23 33 28
23 34 16
23 35 22
23 36 24
23 37 26
23 38 25
23 39 29
23 3 25
23 40 22
23 41 21
23 42 24
23 43 24
23 44 22
23 45 25
23 46 15
23 47 26
23 48 21
23 49 25
23 4 25
23 50 27
23 51 24
23 52 22
23 53 19
23 54 24
23 55 26
23 56 26
23 57 27
23 58 26
23 59 26
23 5 20
23 60 28
23 61 23
23 62 31
23 63 27
23 64 19
23 65 28
23 66 30
23 67 21
23 68 24
23 69 22
23 6 24
23 70 22
23 71 21
23 72 31
23 73 26
23 74 20
23 75 24
23 76 24
23 77 18
23 78 20
23 79 23
23 7 24
23 80 25
23 81 16
23 82 28
23 83 28
23 84 23
23 85 25
23 86 30
23 87 17
23 88 26
23 89 27
23 8 21
23 90 25
23 91 26
23 92 28
23 93 25
23 94 26
23 95 25
23 96 25
23 97 27
23 98 29
23 99 19
23 9 21
24 0 20
24 10 22
24 11 29
24 12 24
24 13 31
24 14 28
24 15 26
24 16 27
24 17 26
24 18 25
24 19 29
24 1 24
24 20 26
24 21 24
24 22 23
24 23 21
24 24 29
24 25 30
24 26 20
24 27 29
24 28 29
24 29 38
24 2 23
24 30 24
24 31 33
24 32 23
24 33 28
24 34 20
24 35 21
24 36 29
24 37 33
24 38 26
24 39 26
24 3 26
24 40 24
24 41 18
24 42 24
24 43 27
24 44 23
24 45 30
24 46 19
24 47 27
24 48 27
24 49 32
24 4 32
24 50 27
24 51 25
24 52 26
24 53 24
24 54 25
24 55 22
24 56 26
24 57 24
24 58 36
24 59 30
24 5 22
24 60 27
24 61 26
24 62 31
24 63 28
24 64 30
24 65 27
24 66 35
24 67 23
24 68 32
24 69 22
24 6 28
24 70 22
24 71 24
24 72 27
24 73 27
24 74 16
24 75 24
24 76 23
24 77 18
24 78 19
24 79 24
24 7 28
24 80 27
24 81 23
24 82 29
24 83 30
24 84 24
24 85 24
24 86 24
24 87 18
24 88 23
24 89 28
24 8 17
24 90 24
24 91 27
24 92 32
24 93 20
24 94 27
24 95 29
24 96 24
24 97 30
24 98 26
24 99 21
24 9 23
25 0 18
25 10 22
25 11 27
25 12 26
25 13 32
25 14 23
25 15 29
25 16 24
25 17 28
25 18 23
25 19 29
25 1 23
25 20 24
25 21 27
25 22 23
25 23 26
25 24 21
25 25 25
25 26 20
25 27 26
25 28 29
25 29 31
25 2 24
25 30 24
25 31 32
25 32 18
25 33 28
25 34 23
25 35 22
25 36 33
25 37 26
25 38 27
25 39 31
25 3 27
25 40 22
25 41 22
25 42 23
25 43 24
25 44 20
25 45 27
25 46 24
25 47 22
25 48 25
25 49 30
25 4 31
25 50 24
25 51 24
25 52 19
25 53 25
25 54 24
25 55 20
25 56 29
25 57 23
25 58 29
25 59 25
25 5 24
25 60 21
25 61 26
25 62 26
25 63 28
25 64 26
25 65 30
25 66 32
25 67 33
25 68 30
25 69 27
25 6 27
25 70 22
25 71 22
25 72 29
25 73 25
25 74 17
25 75 24
25 76 26
25 77 19
25 78 22
25 79 22
25 7 23
25 80 28
25 81 23
25 82 24
25 83 27
25 84 24
25 85 24
25 86 22
25 87 22
25 88 24
25 89 23
25 8 17
25 90 21
25 91 23
25 92 30
25 93 13
25 94 25
25 95 30
25 96 25
25 97 22
25 98 25
25 99 20
25 9 25
26 0 14
26 10 21
26 11 28
26 12 22
26 13 24
26 14 21
26 15 24
26 16 19
26 17 19
26 18 26
26 19 22
26 1 26
26 20 16
26 21 20
26 22 22
26 23 21
26 24 21
26 25 21
26 26 15
26 27 19
26 28 20
26 29 20
26 2 21
26 30 22
26 31 26
26 32 19
26 33 20
26 34 14
26 35 14
26 36 28
26 37 22
26 38 23
26 39 20
26 3 20
26 40 20
26 41 18
26 42 24
26 43 17
26 44 19
26 45 21
26 46 14
26 47 24
26 48 16
26 49 21
26 4 28
26 50 19
26 51 16
26 52 21
26 53 18
26 54 19
26 55 21
26 56 23
26 57 17
26 58 20
26 59 21
26 5 22
26 60 20
26 61 22
26 62 17
26 63 19
26 64 18
26 65 18
26 66 28
26 67 25
26 68 30
26 69 17
26 6 19
26 70 22
26 71 21
26 72 23
26 73 20
26 74 17
26 75 23
26 76 20
26 77 20
26 78 22
26 79 24
26 7 24
26 80 23
26 81 19
26 82 21
26 83 25
26 84 18
26 85 22
26 86 26
26 87 18
26 88 20
26 89 24
26 8 19
26 90 19
26 91 20
26 92 27
26 93 14
26 94 20
26 95 25
26 96 18
26 97 20
26 98 20
26 99 18
26 9 20
27 0 21
27 10 24
27 11 30
27 12 29
27 13 29
27 14 27
27 15 29
27 16 29
27 17 28
27 18 26
27 19 30
27 1 23
27 20 23
27 21 24
27 22 24
27 23 31
27 24 25
27 25 26
27 26 22
27 27 31
27 28 35
27 29 35
27 2 28
27 30 28
27 31 33
27 32 26
27 33 31
27 34 20
27 35 23
27 36 33
27 37 29
27 38 25
27 39 31
27 3 38
27 40 26
27 41 26
27 42 26
27 43 29
27 44 22
27 45 31
27 46 21
27 47 28
27 48 20
27 49 31
27 4 32
27 50 26
27 51 25
27 52 21
27 53 21
27 54 23
27 55 28
27 56 31
27 57 29
27 58 29
27 59 27
27 5 28
27 60 24
27 61 30
27 62 31
27 63 27
27 64 27
27 65 27
27 66 31
27 67 28
27 68 31
27 69 31
27 6 25
27 70 24
27 71 25
27 72 31
27 73 30
27 74 20
27 75 31
27 76 27
27 77 26
27 78 26
27 79 27
27 7 27
27 80 33
27 81 26
27 82 31
27 83 25
27 84 28
27 85 30
27 86 27
27 87 20
27 88 24
27 89 25
27 8 21
27 90 29
27 91 30
27 92 32
27 93 26
27 94 27
27 95 33
27 96 23
27 97 25
27 98 32
27 99 28
27 9 26
28 0 18
28 10 17
28 11 23
28 12 20
28 13 25
28 14 19
28 15 16
28 16 21
28 17 23
28 18 20
28 19 21
28 1 21
28 20 19
28 21 19
28 22 19
28 23 19
28 24 22
28 25 17
28 26 17
28 27 25
28 28 26
28 29 23
28 2 14
28 30 21
28 31 28
28 32 21
28 33 22
28 34 15
28 35 15
28 36 29
28 37 22
28 38 28
28 39 23
28 3 23
28 40 15
28 41 18
28 42 25
28 43 17
28 44 17
28 45 27
28 46 15
28 47 22
28 48 17
28 49 27
28 4 19
28 50 22
28 51 15
28 52 19
28 53 18
28 54 18
28 55 23
28 56 21
28 57 17
28 58 21
28 59 21
28 5 23
28 60 16
28 61 23
28 62 22
28 63 20
28 64 16
28 65 23
28 66 26
28 67 18
28 68 24
28 69 20
28 6 23
28 70 20
28 71 20
28 72 18
28 73 19
28 74 15
28 75 24
28 76 20
28 77 20
28 78 15
28 79 23
28 7 20
28 80 23
28 81 17
28 82 20
28 83 21
28 84 20
28 85 24
28 86 23
28 87 16
28 88 18
28 89 22
28 8 18
28 90 20
28 91 20
28 92 24
28 93 17
28 94 21
28 95 22
28 96 17
28 97 17
28 98 23
28 99 20
28 9 21
29 0 20
29 10 24
29 11 29
29 12 25
29 13 30
29 14 25
29 15 28
29 16 25
29 17 28
29 18 26
29 19 30
29 1 19
29 20 20
29 21 26
29 22 24
29 23 25
29 24 23
29 25 21
29 26 20
29 27 25
29 28 28
29 29 30
29 2 26
29 30 26
29 31 33
29 32 21
29 33 29
29 34 22
29 35 21
29 36 31
29 37 24
29 38 22
29 39 26
29 3 27
29 40 21
29 41 23
29 42 25
29 43 28
29 44 21
29 45 29
29 46 19
29 47 26
29 48 22
29 49 27
29 4 28
29 50 23
29 51 25
29 52 21
29 53 20
29 54 23
29 55 25
29 56 26
29 57 25
29 58 26
29 59 26
29 5 27
29 60 23
29 61 23
29 62 26
29 63 26
29 64 27
29 65 30
29 66 28
29 67 29
29 68 26
29 69 25
29 6 22
29 70 24
29 71 19
29 72 24
29 73 26
29 74 19
29 75 27
29 76 24
29 77 17
29 78 19
29 79 25
29 7 26
29 80 29
29 81 21
29 82 23
29 83 24
29 84 23
29 85 26
29 86 27
29 87 17
29 88 24
29 89 23
29 8 15
29 90 22
29 91 28
29 92 31
29 93 18
29 94 27
29 95 30
29 96 26
29 97 17
29 98 25
29 99 22
29 9 22
3 0 20
3 10 25
3 11 37
3 12 30
3 13 29
3 14 27
3 15 24
3 16 21
3 17 26
3 18 23
3 19 26
3 1 22
3 20 20
3 21 27
3 22 25
3 23 28
3 24 25
3 25 26
3 26 20
3 27 30
3 28 32
3 29 33
3 2 29
3 30 27
3 31 30
3 32 27
3 33 31
3 34 18
3 35 25
3 36 31
3 37 31
3 38 28
3 39 26
3 3 34
3 40 26
3 41 23
3 42 30
3 43 28
3 44 23
3 45 28
3 46 21
3 47 22
3 48 23
3 49 30
3 4 32
3 50 27
3 51 24
3 52 24
3 53 22
3 54 27
3 55 21
3 56 36
3 57 27
3 58 31
3 59 28
3 5 26
3 60 28
3 61 28
3 62 29
3 63 32
3 64 22
3 65 25
3 66 35
3 67 30
3 68 30
3 69 26
3 6 26
3 70 27
3 71 27
3 72 34
3 73 26
3 74 23
3 75 30
3 76 32
3 77 21
3 78 28
3 79 26
3 7 25
3 80 32
3 81 27
3 82 30
3 83 26
3 84 25
3 85 28
3 86 28
3 87 24
3 88 23
3 89 28
3 8 25
3 90 25
3 91 28
3 92 33
3 93 19
3 94 28
3 95 30
3 96 21
3 97 32
3 98 26
3 99 25
3 9 25
30 0 22
30 10 26
30 11 32
30 12 36
30 13 31
30 14 28
30 15 26
30 16 28
30 17 28
30 18 29
30 19 29
30 1 28
30 20 26
30 21 29
30 22 22
30 23 27
30 24 28
30 25 26
30 26 22
30 27 29
30 28 34
30 29 32
30 2 30
30 30 28
30 31 35
30 32 25
30 33 26
30 34 19
30 35 22
30 36 33
30 37 30
30 38 32
30 39 28
30 3 31
30 40 26
30 41 23
30 42 22
30 43 30
30 44 26
30 45 37
30 46 20
30 47 28
30 48 24
30 49 27
30 4 34
30 50 25
30 51 22
30 52 27
30 53 21
30 54 29
30 55 26
30 56 31
30 57 26
30 58 31
30 59 31
30 5 22
30 60 33
30 61 27
30 62 25
30 63 28
30 64 26
30 65 27
30 66 33
30 67 32
30 68 31
30 69 27
30 6 26
30 70 24
30 71 25
30 72 33
30 73 32
30 74 19
30 75 30
30 76 23
30 77 24
30 78 23
30 79 24
30 7 27
30 80 28
30 81 20
30 82 29
30 83 27
30 84 25
30 85 24
30 86 32
30 87 23
30 88 25
30 89 32
30 8 21
30 90 21
30 91 33
30 92 31
30 93 24
30 94 32
30 95 35
30 96 23
30 97 25
30 98 32
30 99 26
30 9 29
31 0 16
31 10 15
31 11 26
31 12 25
31 13 27
31 14 23
31 15 20
31 16 20
31 17 20
31 18 22
31 19 28
31 1 21
31 20 21
31 21 21
31 22 21
31 23 23
31 24 22
31 25 21
31 26 21
31 27 23
31 28 31
31 29 30
31 2 22
31 30 23
31 31 27
31 32 22
31 33 22
31 34 15
31 35 15
31 36 29
31 37 28
31 38 24
31 39 23
31 3 27
31 40 23
31 41 24
31 42 22
31 43 23
31 44 21
31 45 24
31 46 17
31 47 24
31 48 21
31 49 20
31 4 25
31 50 21
31 51 18
31 52 14
31 53 16
31 54 21
31 55 21
31 56 25
31 57 19
31 58 24
31 59 26
31 5 18
31 60 18
31 61 25
31 62 23
31 63 20
31 64 19
31 65 20
31 66 26
31 67 24
31 68 24
31 69 21
31 6 28
31 70 18
31 71 19
31 72 24
31 73 24
31 74 17
31 75 27
31 76 23
31 77 16
31 78 18
31 79 20
31 7 24
31 80 26
31 81 21
31 82 24
31 83 23
31 84 17
31 85 21
31 86 23
31 87 18
31 88 24
31 89 18
31 8 16
31 90 19
31 91 26
31 92 30
31 93 20
31 94 25
31 95 27
31 96 22
31 97 24
31 98 23
31 99 21
31 9 23
32 0 23
32 10 17
32 11 29
32 12 26
32 13 28
32 14 27
32 15 24
32 16 24
32 17 21
32 18 25
32 19 25
32 1 18
32 20 21
32 21 23
32 22 25
32 23 27
32 24 25
32 25 21
32 26 25
32 27 28
32 28 34
32 29 30
32 2 22
32 30 24
32 31 33
32 32 24
32 33 28
32 34 24
32 35 22
32 36 27
32 37 30
32 38 26
32 39 24
32 3 28
32 40 23
32 41 27
32 42 27
32 43 25
32 44 24
32 45 27
32 46 18
32 47 26
32 48 18
32 49 26
32 4 28
32 50 24
32 51 20
32 52 17
32 53 20
32 54 19
32 55 25
32 56 28
32 57 21
32 58 27
32 59 32
32 5 25
32 60 24
32 61 19
32 62 26
32 63 27
32 64 27
32 65 28
32 66 29
32 67 30
32 68 27
32 69 23
32 6 22
32 70 23
32 71 23
32 72 31
32 73 27
32 74 24
32 75 26
32 76 25
32 77 16
32 78 22
32 79 27
32 7 27
32 80 23
32 81 23
32 82 25
32 83 24
32 84 24
32 85 23
32 86 28
32 87 20
32 88 21
32 89 19
32 8 17
32 90 25
32 91 22
32 92 27
32 93 26
32 94 27
32 95 31
32 96 19
32 97 30
32 98 24
32 99 24
32 9 23
33 0 21
33 10 23
33 11 30
33 12 34
33 13 26
33 14 28
33 15 26
33 16 24
33 17 28
33 18 27
33 19 27
33 1 25
33 20 26
33 21 28
33 22 26
33 23 27
33 24 25
33 25 25
33 26 20
33 27 24
33 28 32
33 29 29
33 2 24
33 30 30
33 31 33
33 32 22
33 33 31
33 34 23
33 35 21
33 36 29
33 37 24
33 38 28
33 39 27
33 3 30
33 40 23
33 41 25
33 42 25
33 43 29
33 44 16
33 45 34
33 46 18
33 47 23
33 48 26
33 49 26
33 4 29
33 50 24
33 51 22
33 52 23
33 53 18
33 54 22
33 55 28
33 56 29
33 57 23
33 58 30
33 59 28
33 5 27
33 60 30
33 61 25
33 62 26
33 63 27
33 64 24
33 65 23
33 66 26
33 67 31
33 68 25
33 69 23
33 6 22
33 70 26
33 71 21
33 72 29
33 73 27
33 74 21
33 75 30
33 76 24
33 77 20
33 78 25
33 79 27
33 7 29
33 80 25
33 81 25
33 82 26
33 83 20
33 84 25
33 85 26
33 86 28
33 87 23
33 88 22
33 89 23
33 8 22
33 90 25
33 91 30
33 92 27
33 93 23
33 94 29
33 95 30
33 96 24
33 97 22
33 98 31
33 99 28
33 9 21
34 0 18
34 10 24
34 11 27
34 12 23
34 13 28
34 14 22
34 15 26
34 16 23
34 17 22
34 18 24
34 19 25
34 1 24
34 20 19
34 21 22
34 22 26
34 23 21
34 24 15
34 25 22
34 26 13
34 27 26
34 28 24
34 29 25
34 2 24
34 30 21
34 31 25
34 32 19
34 33 17
34 34 18
34 35 20
34 36 32
34 37 24
34 38 26
34 39 25
34 3 23
34 40 23
34 41 20
34 42 24
34 43 18
34 44 18
34 45 19
34 46 20
34 47 25
34 48 20
34 49 21
34 4 25
34 50 20
34 51 20
34 52 18
34 53 24
34 54 21
34 55 26
34 56 26
34 57 20
34 58 26
34 59 25
34 5 19
34 60 23
34 61 23
34 62 21
34 63 24
34 64 26
34 65 24
34 66 27
34 67 29
34 68 33
34 69 20
34 6 22
34 70 21
34 71 22
34 72 26
34 73 18
34 74 18
34 75 19
34 76 17
34 77 15
34 78 22
34 79 22
34 7 21
34 80 19
34 81 21
34 82 19
34 83 21
34 84 17
34 85 19
34 86 24
34 87 14
34 88 21
34 89 24
34 8 15
34 90 16
34 91 23
34 92 30
34 93 20
34 94 21
34 95 26
34 96 19
34 97 28
34 98 19
34 99 18
34 9 23
35 0 20
35 10 20
35 11 29
35 12 22
35 13 30
35 14 21
35 15 22
35 16 23
35 17 24
35 18 26
35 19 27
35 1 20
35 20 19
35 21 23
35 22 24
35 23 22
35 24 23
35 25 22
35 26 18
35 27 27
35 28 28
35 29 28
35 2 25
35 30 26
35 31 26
35 32 22
35 33 24
35 34 16
35 35 21
35 36 26
35 37 32
35 38 23
35 39 26
35 3 28
35 40 23
35 41 22
35 42 27
35 43 20
35 44 25
35 45 25
35 46 23
35 47 24
35 48 19
35 49 23
35 4 27
35 50 26
35 51 22
35 52 17
35 53 26
35 54 19
35 55 23
35 56 25
35 57 25
35 58 25
35 59 27
35 5 24
35 60 22
35 61 25
35 62 23
35 63 25
35 64 24
35 65 27
35 66 30
35 67 26
35 68 31
35 69 25
35 6 25
35 70 23
35 71 26
35 72 20
35 73 23
35 74 11
35 75 22
35 76 24
35 77 22
35 78 18
35 79 23
35 7 22
35 80 27
35 81 19
35 82 27
35 83 26
35 84 22
35 85 27
35 86 28
35 87 18
35 88 22
35 89 24
35 8 20
35 90 22
35 91 23
35 92 27
35 93 18
35 94 25
35 95 30
35 96 22
35 97 20
35 98 30
35 99 19
35 9 19
36 0 20
36 10 20
36 11 27
36 12 27
36 13 30
36 14 23
36 15 28
36 16 24
36 17 22
36 18 24
36 19 29
36 1 21
36 20 24
36 21 17
36 22 24
36 23 22
36 24 19
36 25 25
36 26 18
36 27 29
36 28 28
36 29 26
36 2 21
36 30 22
36 31 29
36 32 22
36 33 19
36 34 14
36 35 21
36 36 34
36 37 25
36 38 29
36 39 27
36 3 26
36 40 16
36 41 19
36 42 28
36 43 25
36 44 22
36 45 28
36 46 19
36 47 31
36 48 23
36 49 26
36 4 27
36 50 25
36 51 21
36 52 19
36 53 24
36 54 23
36 55 26
36 56 29
36 57 19
36 58 31
36 59 25
36 5 25
36 60 23
36 61 25
36 62 25
36 63 24
36 64 25
36 65 24
36 66 30
36 67 27
36 68 30
36 69 20
36 6 23
36 70 22
36 71 25
36 72 25
36 73 23
36 74 18
36 75 25
36 76 19
36 77 21
36 78 17
36 79 20
36 7 24
36 80 22
36 81 21
36 82 23
36 83 26
36 84 23
36 85 25
36 86 28
36 87 19
36 88 23
36 89 23
36 8 19
36 90 20
36 91 27
36 92 33
36 93 21
36 94 25
36 95 29
36 96 21
36 97 23
36 98 28
36 99 20
36 9 21
37 0 18
37 10 18
37 11 25
37 12 26
37 13 28
37 14 27
37 15 17
37 16 22
37 17 28
37 18 18
37 19 24
37 1 24
37 20 19
37 21 24
37 22 22
37 23 24
37 24 24
37 25 24
37 26 18
37 27 32
37 28 27
37 29 26
37 2 23
37 30 24
37 31 26
37 32 24
37 33 21
37 34 17
37 35 20
37 36 28
37 37 27
37 38 26
37 39 29
37 3 22
37 40 26
37 41 20
37 42 18
37 43 25
37 44 22
37 45 24
37 46 20
37 47 21
37 48 23
37 49 24
37 4 22
37 50 24
37 51 23
37 52 21
37 53 24
37 54 21
37 55 21
37 56 24
37 57 20
37 58 29
37 59 26
37 5 21
37 60 32
37 61 29
37 62 24
37 63 26
37 64 24
37 65 24
37 66 24
37 67 28
37 68 23
37 69 20
37 6 26
37 70 18
37 71 23
37 72 25
37 73 24
37 74 21
37 75 21
37 76 22
37 77 22
37 78 22
37 79 27
37 7 25
37 80 22
37 81 23
37 82 27
37 83 24
37 84 17
37 85 19
37 86 26
37 87 17
37 88 25
37 89 26
37 8 24
37 90 18
37 91 28
37 92 29
37 93 19
37 94 24
37 95 27
37 96 23
37 97 25
37 98 25
37 99 22
37 9 22
38 0 21
38 10 23
38 11 32
38 12 29
38 13 33
38 14 29
38 15 26
38 16 25
38 17 29
38 18 28
38 19 26
38 1 28
38 20 23
38 21 28
38 22 19
38 23 25
38 24 30
38 25 30
38 26 27
38 27 30
38 28 31
38 29 32
38 2 29
38 30 27
38 31 28
38 32 27
38 33 32
38 34 18
38 35 21
38 36 31
38 37 37
38 38 31
38 39 30
38 3 29
38 40 28
38 41 20
38 42 27
38 43 22
38 44 28
38 45 25
38 46 24
38 47 21
38 48 27
38 49 33
38 4 28
38 50 35
38 51 25
38 52 24
38 53 26
38 54 26
38 55 26
38 56 31
38 57 27
38 58 30
38 59 33
38 5 28
38 60 31
38 61 30
38 62 29
38 63 29
38 64 25
38 65 26
38 66 31
38 67 25
38 68 31
38 69 23
38 6 27
38 70 28
38 71 31
38 72 28
38 73 29
38 74 20
38 75 26
38 76 30
38 77 21
38 78 26
38 79 25
38 7 28
38 80 32
38 81 26
38 82 32
38 83 29
38 84 22
38 85 31
38 86 32
38 87 17
38 88 25
38 89 30
38 8 21
38 90 23
38 91 28
38 92 31
38 93 18
38 94 28
38 95 30
38 96 27
38 97 30
38 98 34
38 99 27
38 9 20
39 0 14
39 10 18
39 11 25
39 12 22
39 13 31
39 14 23
39 15 21
39 16 18
39 17 21
39 18 22
39 19 26
39 1 23
39 20 21
39 21 19
39 22 18
39 23 25
39 24 20
39 25 22
39 26 17
39 27 22
39 28 23
39 29 27
39 2 22
39 30 22
39 31 24
39 32 25
39 33 23
39 34 12
39 35 14
39 36 27
39 37 24
39 38 21
39 39 24
39 3 22
39 40 17
39 41 17
39 42 21
39 43 20
39 44 21
39 45 24
39 46 16
39 47 24
39 48 17
39 49 25
39 4 23
39 50 20
39 51 18
39 52 19
39 53 19
39 54 23
39 55 19
39 56 25
39 57 19
39 58 26
39 59 23
39 5 20
39 60 25
39 61 22
39 62 22
39 63 23
39 64 16
39 65 21
39 66 24
39 67 21
39 68 24
39 69 20
39 6 27
39 70 18
39 71 25
39 72 24
39 73 25
39 74 19
39 75 24
39 76 19
39 77 19
39 78 18
39 79 16
39 7 26
39 80 24
39 81 23
39 82 21
39 83 26
39 84 19
39 85 20
39 86 21
39 87 17
39 88 22
39 89 24
39 8 20
39 90 16
39 91 24
39 92 29
39 93 16
39 94 21
39 95 24
39 96 24
39 97 21
39 98 24
39 99 19
39 9 22
4 0 21
4 10 23
4 11 26
4 12 31
4 13 26
4 14 28
4 15 24
4 16 24
4 17 24
4 18 25
4 19 28
4 1 20
4 20 20
4 21 20
4 22 20
4 23 21
4 24 27
4 25 23
4 26 21
4 27 29
4 28 26
4 29 26
4 2 20
4 30 23
4 31 29
4 32 25
4 33 23
4 34 19
4 35 20
4 36 30
4 37 25
4 38 24
4 39 27
4 3 25
4 40 28
4 41 16
4 42 24
4 43 24
4 44 23
4 45 26
4 46 16
4 47 25
4 48 18
4 49 26
4 4 25
4 50 24
4 51 23
4 52 19
4 53 21
4 54 23
4 55 25
4 56 33
4 57 21
4 58 24
4 59 24
4 5 23
4 60 30
4 61 22
4 62 28
4 63 28
4 64 21
4 65 23
4 66 27
4 67 27
4 68 29
4 69 22
4 6 27
4 70 22
4 71 24
4 72 28
4 73 25
4 74 20
4 75 23
4 76 21
4 77 19
4 78 22
4 79 24
4 7 27
4 80 25
4 81 21
4 82 24
4 83 25
4 84 19
4 85 22
4 86 28
4 87 18
4 88 25
4 89 22
4 8 19
4 90 21
4 91 24
4 92 29
4 93 20
4 94 28
4 95 24
4 96 22
4 97 27
4 98 27
4 99 21
4 9 20
40 0 22
40 10 25
40 11 22
40 12 30
40 13 29
40 14 26
40 15 22
40 16 31
40 17 23
40 18 25
40 19 31
40 1 23
40 20 24
40 21 28
40 22 22
40 23 25
40 24 28
40 25 23
40 26 26
40 27 31
40 28 34
40 29 30
40 2 26
40 30 27
40 31 32
40 32 26
40 33 27
40 34 16
40 35 21
40 36 28
40 37 27
40 38 27
40 39 29
40 3 31
40 40 27
40 41 30
40 42 25
40 43 25
40 44 25
40 45 32
40 46 23
40 47 27
40 48 21
40 49 25
40 4 28
40 50 23
40 51 26
40 52 16
40 53 26
40 54 24
40 55 22
40 56 33
40 57 26
40 58 31
40 59 27
40 5 27
40 60 28
40 61 29
40 62 26
40 63 30
40 64 25
40 65 29
40 66 30
40 67 29
40 68 34
40 69 27
40 6 28
40 70 26
40 71 29
40 72 30
40 73 29
40 74 22
40 75 27
40 76 25
40 77 23
40 78 23
40 79 24
40 7 27
40 80 26
40 81 22
40 82 31
40 83 25
40 84 22
40 85 25
40 86 24
40 87 21
40 88 27
40 89 23
40 8 18
40 90 24
40 91 27
40 92 29
40 93 24
40 94 33
40 95 34
40 96 20
40 97 27
40 98 28
40 99 23
40 9 27
41 0 18
41 10 18
41 11 27
41 12 22
41 13 24
41 14 23
41 15 17
41 16 18
41 17 24
41 18 14
41 19 22
41 1 23
41 20 19
41 21 22
41 22 20
41 23 25
41 24 19
41 25 24
41 26 16
41 27 24
41 28 29
41 29 29
41 2 22
41 30 24
41 31 21
41 32 21
41 33 25
41 34 16
41 35 18
41 36 26
41 37 25
41 38 26
41 39 27
41 3 23
41 40 21
41 41 22
41 42 20
41 43 17
41 44 22
41 45 25
41 46 18
41 47 20
41 48 24
41 49 24
41 4 21
41 50 21
41 51 19
41 52 18
41 53 23
41 54 22
41 55 17
41 56 27
41 57 23
41 58 27
41 59 22
41 5 19
41 60 22
41 61 29
41 62 21
41 63 26
41 64 20
41 65 24
41 66 25
41 67 24
41 68 21
41 69 22
41 6 23
41 70 22
41 71 21
41 72 24
41 73 25
41 74 18
41 75 25
41 76 26
41 77 21
41 78 20
41 79 25
41 7 19
41 80 22
41 81 20
41 82 23
41 83 24
41 84 20
41 85 24
41 86 19
41 87 12
41 88 24
41 89 23
41 8 15
41 90 18
41 91 20
41 92 29
41 93 14
41 94 23
41 95 23
41 96 19
41 97 22
41 98 24
41 99 22
41 9 22
42 0 26
42 10 23
42 11 38
42 12 28
42 13 38
42 14 32
42 15 32
42 16 33
42 17 27
42 18 29
42 19 32
42 1 28
42 20 27
42 21 21
42 22 29
42 23 28
42 24 25
42 25 30
42 26 24
42 27 30
42 28 33
42 29 32
42 2 27
42 30 26
42 31 38
42 32 25
42 33 30
42 34 20
42 35 25
42 36 34
42 37 31
42 38 30
42 39 31
42 3 33
42 40 27
42 41 30
42 42 27
42 43 22
42 44 29
42 45 32
42 46 27
42 47 30
42 48 24
42 49 32
42 4 33
42 50 26
42 51 25
42 52 25
42 53 24
42 54 26
42 55 31
42 56 30
42 57 28
42 58 35
42 59 30
42 5 33
42 60 25
42 61 31
42 62 32
42 63 27
42 64 31
42 65 27
42 66 38
42 67 30
42 68 33
42 69 30
42 6 25
42 70 25
42 71 31
42 72 31
42 73 30
42 74 16
42 75 25
42 76 26
42 77 24
42 78 24
42 79 28
42 7 29
42 80 35
42 81 27
42 82 30
42 83 27
42 84 27
42 85 31
42 86 31
42 87 17
42 88 24
42 89 29
42 8 24
42 90 31
42 91 27
42 92 33
42 93 21
42 94 30
42 95 34
42 96 25
42 97 26
42 98 34
42 99 23
42 9 27
43 0 24
43 10 24
43 11 32
43 12 26
43 13 33
43 14 30
43 15 25
43 16 25
43 17 29
43 18 22
43 19 30
43 1 27
43 20 21
43 21 26
43 22 24
43 23 31
43 24 28
43 25 26
43 26 23
43 27 30
43 28 27
43 29 30
43 2 28
43 30 27
43 31 34
43 32 20
43 33 23
43 34 19
43 35 25
43 36 32
43 37 34
43 38 27
43 39 31
43 3 24
43 40 25
43 41 24
43 42 24
43 43 29
43 44 24
43 45 31
43 46 22
43 47 25
43 48 24
43 49 27
43 4 32
43 50 29
43 51 22
43 52 23
43 53 24
43 54 23
43 55 25
43 56 29
43 57 24
43 58 28
43 59 26
43 5 17
43 60 28
43 61 25
43 62 28
43 63 24
43 64 26
43 65 24
43 66 30
43 67 32
43 68 32
43 69 26
43 6 31
43 70 22
43 71 23
43 72 30
43 73 26
43 74 18
43 75 30
43 76 26
43 77 23
43 78 23
43 79 24
43 7 28
43 80 30
43 81 24
43 82 27
43 83 28
43 84 19
43 85 21
43 86 30
43 87 19
43 88 27
43 89 26
43 8 27
43 90 19
43 91 30
43 92 32
43 93 24
43 94 25
43 95 32
43 96 26
43 97 31
43 98 26
43 99 21
43 9 27
44 0 14
44 10 20
44 11 25
44 12 26
44 13 27
44 14 28
44 15 24
44 16 19
44 17 22
44 18 20
44 19 23
44 1 22
44 20 20
44 21 22
44 22 23
44 23 23
44 24 18
44 25 25
44 26 16
44 27 23
44 28 22
44 29 26
44 2 22
44 30 21
44 31 26
44 32 19
44 33 31
44 34 16
44 35 21
44 36 23
44 37 23
44 38 23
44 39 25
44 3 25
44 40 20
44 41 20
44 42 20
44 43 21
44 44 21
44 45 22
44 46 16
44 47 19
44 48 19
44 49 28
44 4 28
44 50 19
44 51 16
44 52 21
44 53 20
44 54 21
44 55 17
44 56 22
44 57 20
44 58 27
44 59 18
44 5 20
44 60 28
44 61 24
44 62 23
44 63 23
44 64 22
44 65 18
44 66 24
44 67 26
44 68 25
44 69 20
44 6 20
44 70 17
44 71 22
44 72 25
44 73 25
44 74 19
44 75 24
44 76 20
44 77 17
44 78 21
44 79 24
44 7 24
44 80 29
44 81 22
44 82 24
44 83 22
44 84 20
44 85 20
44 86 22
44 87 16
44 88 21
44 89 25
44 8 21
44 90 18
44 91 25
44 92 29
44 93 14
44 94 21
44 95 28
44 96 18
44 97 23
44 98 28
44 99 22
44 9 21
45 0 15
45 10 20
45 11 27
45 12 27
45 13 25
45 14 22
45 15 21
45 16 21
45 17 26
45 18 23
45 19 30
45 1 20
45 20 19
45 21 21
45 22 22
45 23 25
45 24 18
45 25 20
45 26 15
45 27 26
45 28 25
45 29 25
45 2 23
45 30 22
45 31 26
45 32 24
45 33 25
45 34 16
45 35 21
45 36 26
45 37 26
45 38 29
45 39 23
45 3 27
45 40 23
45 41 21
45 42 24
45 43 22
45 44 19
45 45 25
45 46 13
45 47 28
45 48 18
45 49 22
45 4 24
45 50 20
45 51 20
45 52 15
45 53 21
45 54 24
45 55 24
45 56 26
45 57 19
45 58 26
45 59 26
45 5 21
45 60 28
45 61 24
45 62 22
45 63 23
45 64 22
45 65 25
45 66 26
45 67 26
45 68 22
45 69 22
45 6 22
45 70 25
45 71 22
45 72 22
45 73 23
45 74 18
45 75 24
45 76 21
45 77 19
45 78 15
45 79 22
45 7 20
45 80 25
45 81 15
45 82 26
45 83 22
45 84 24
45 85 22
45 86 25
45 87 13
45 88 23
45 89 23
45 8 18
45 90 22
45 91 28
45 92 28
45 93 18
45 94 22
45 95 29
45 96 18
45 97 22
45 98 20
45 99 24
45 9 21
46 0 20
46 10 21
46 11 26
46 12 27
46 13 30
46 14 20
46 15 26
46 16 23
46 17 20
46 18 22
46 19 22
46 1 21
46 20 21
46 21 19
46 22 20
46 23 20
46 24 19
46 25 22
46 26 12
46 27 21
46 28 27
46 29 22
46 2 25
46 30 20
46 31 25
46 32 18
46 33 19
46 34 17
46 35 17
46 36 29
46 37 23
46 38 23
46 39 19
46 3 22
46 40 19
46 41 21
46 42 20
46 43 23
46 44 21
46 45 23
46 46 23
46 47 22
46 48 21
46 49 22
46 4 26
46 50 22
46 51 23
46 52 20
46 53 20
46 54 21
46 55 23
46 56 23
46 57 22
46 58 22
46 59 20
46 5 22
46 60 21
46 61 20
46 62 23
46 63 23
46 64 18
46 65 19
46 66 26
46 67 21
46 68 26
46 69 20
46 6 22
46 70 21
46 71 19
46 72 26
46 73 21
46 74 19
46 75 20
46 76 19
46 77 20
46 78 24
46 79 22
46 7 20
46 80 22
46 81 17
46 82 18
46 83 28
46 84 20
46 85 20
46 86 19
46 87 14
46 88 21
46 89 17
46 8 16
46 90 22
46 91 23
46 92 24
46 93 17
46 94 27
46 95 23
46 96 22
46 97 21
46 98 27
46 99 16
46 9 18
47 0 21
47 10 20
47 11 29
47 12 22
47 13 29
47 14 27
47 15 23
47 16 27
47 17 22
47 18 24
47 19 30
47 1 22
47 20 17
47 21 21
47 22 19
47 23 27
47 24 24
47 25 20
47 26 22
47 27 30
47 28 33
47 29 30
47 2 22
47 30 24
47 31 31
47 32 25
47 33 24
47 34 15
47 35 18
47 36 28
47 37 26
47 38 26
47 39 25
47 3 25
47 40 23
47 41 29
47 42 21
47 43 21
47 44 20
47 45 27
47 46 20
47 47 23
47 48 18
47 49 22
47 4 26
47 50 24
47 51 21
47 52 19
47 53 20
47 54 23
47 55 33
47 56 24
47 57 22
47 58 26
47 59 25
47 5 19
47 60 25
47 61 24
47 62 24
47 63 24
47 64 19
47 65 25
47 66 25
47 67 23
47 68 26
47 69 26
47 6 26
47 70 24
47 71 20
47 72 24
47 73 23
47 74 15
47 75 21
47 76 25
47 77 20
47 78 22
47 79 21
47 7 25
47 80 27
47 81 22
47 82 24
47 83 22
47 84 18
47 85 24
47 86 26
47 87 20
47 88 22
47 89 21
47 8 18
47 90 20
47 91 23
47 92 27
47 93 24
47 94 21
47 95 25
47 96 25
47 97 26
47 98 26
47 99 16
47 9 21
48 0 14
48 10 21
48 11 27
48 12 20
48 13 23
48 14 19
48 15 19
48 16 17
48 17 21
48 18 18
48 19 18
48 1 21
48 20 19
48 21 20
48 22 22
48 23 19
48 24 18
48 25 20
48 26 17
48 27 20
48 28 20
48 29 24
48 2 23
48 30 20
48 31 20
48 32 20
48 33 24
48 34 17
48 35 20
48 36 20
48 37 24
48 38 19
48 39 21
48 3 24
48 40 16
48 41 19
48 42 22
48 43 17
48 44 17
48 45 20
48 46 14
48 47 11
48 48 12
48 49 23
48 4 23
48 50 18
48 51 17
48 52 16
48 53 17
48 54 19
48 55 15
48 56 25
48 57 20
48 58 23
48 59 25
48 5 22
48 60 21
48 61 20
48 62 25
48 63 21
48 64 17
48 65 23
48 66 26
48 67 24
48 68 26
48 69 20
48 6 18
48 70 20
48 71 20
48 72 26
48 73 20
48 74 15
48 75 20
48 76 21
48 77 14
48 78 22
48 79 21
48 7 21
48 80 27
48 81 19
48 82 21
48 83 22
48 84 17
48 85 20
48 86 25
48 87 17
48 88 20
48 89 21
48 8 17
48 90 18
48 91 19
48 92 23
48 93 14
48 94 19
48 95 24
48 96 17
48 97 24
48 98 24
48 99 19
48 9 20
49 0 19
49 10 18
49 11 27
49 12 30
49 13 26
49 14 22
49 15 22
49 16 17
49 17 24
49 18 24
49 19 25
49 1 21
49 20 20
49 21 23
49 22 20
49 23 26
49 24 23
49 25 19
49 26 20
49 27 23
49 28 25
49 29 26
49 2 22
49 30 23
49 31 25
49 32 17
49 33 25
49 34 22
49 35 16
49 36 27
49 37 23
49 38 21
49 39 26
49 3 18
49 40 21
49 41 20
49 42 23
49 43 24
49 44 21
49 45 20
49 46 20
49 47 25
49 48 19
49 49 24
49 4 19
49 50 29
49 51 18
49 52 23
49 53 20
49 54 14
49 55 22
49 56 23
49 57 17
49 58 23
49 59 26
49 5 24
49 60 22
49 61 23
49 62 20
49 63 24
49 64 20
49 65 24
49 66 27
49 67 29
49 68 25
49 69 22
49 6 20
49 70 16
49 71 21
49 72 23
49 73 21
49 74 18
49 75 23
49 76 20
49 77 17
49 78 19
49 79 24
49 7 18
49 80 22
49 81 24
49 82 26
49 83 20
49 84 16
49 85 23
49 86 22
49 87 14
49 88 19
49 89 22
49 8 20
49 90 20
49 91 25
49 92 26
49 93 16
49 94 24
49 95 24
49 96 27
49 97 21
49 98 17
49 99 22
49 9 19
5 0 21
5 10 23
5 11 34
5 12 25
5 13 27
5 14 26
5 15 26
5 16 23
5 17 24
5 18 25
5 19 27
5 1 25
5 20 23
5 21 21
5 22 24
5 23 20
5 24 25
5 25 23
5 26 16
5 27 22
5 28 30
5 29 29
5 2 24
5 30 25
5 31 27
5 32 18
5 33 28
5 34 21
5 35 25
5 36 31
5 37 31
5 38 28
5 39 23
5 3 25
5 40 23
5 41 23
5 42 24
5 43 21
5 44 22
5 45 29
5 46 18
5 47 26
5 48 21
5 49 29
5 4 25
5 50 23
5 51 20
5 52 24
5 53 22
5 54 20
5 55 23
5 56 29
5 57 18
5 58 28
5 59 26
5 5 26
5 60 22
5 61 27
5 62 27
5 63 25
5 64 23
5 65 22
5 66 29
5 67 29
5 68 32
5 69 20
5 6 27
5 70 24
5 71 26
5 72 22
5 73 23
5 74 19
5 75 25
5 76 25
5 77 22
5 78 23
5 79 24
5 7 23
5 80 28
5 81 24
5 82 26
5 83 27
5 84 18
5 85 26
5 86 30
5 87 17
5 88 29
5 89 26
5 8 18
5 90 23
5 91 25
5 92 30
5 93 21
5 94 30
5 95 25
5 96 27
5 97 27
5 98 31
5 99 23
5 9 23
50 0 19
50 10 21
50 11 30
50 12 26
50 13 26
50 14 23
50 15 25
50 16 24
50 17 29
50 18 22
50 19 28
50 1 22
50 20 21
50 21 22
50 22 23
50 23 24
50 24 25
50 25 27
50 26 20
50 27 27
50 28 30
50 29 25
50 2 28
50 30 26
50 31 28
50 32 21
50 33 25
50 34 18
50 35 21
50 36 30
50 37 28
50 38 29
50 39 24
50 3 26
50 40 22
50 41 21
50 42 29
50 43 24
50 44 18
50 45 30
50 46 16
50 47 24
50 48 20
50 49 29
50 4 30
50 50 25
50 51 25
50 52 20
50 53 20
50 54 28
50 55 26
50 56 27
50 57 22
50 58 29
50 59 25
50 5 24
50 60 26
50 61 25
50 62 31
50 63 25
50 64 21
50 65 30
50 66 31
50 67 29
50 68 27
50 69 23
50 6 23
50 70 27
50 71 21
50 72 28
50 73 26
50 74 23
50 75 26
50 76 27
50 77 22
50 78 21
50 79 24
50 7 27
50 80 29
50 81 18
50 82 25
50 83 32
50 84 27
50 85 30
50 86 29
50 87 20
50 88 29
50 89 21
50 8 21
50 90 25
50 91 27
50 92 28
50 93 23
50 94 26
50 95 30
50 96 25
50 97 23
50 98 27
50 99 22
50 9 21
51 0 14
51 10 18
51 11 24
51 12 18
51 13 26
51 14 17
51 15 21
51 16 17
51 17 22
51 18 22
51 19 18
51 1 20
51 20 15
51 21 19
51 22 17
51 23 19
51 24 15
51 25 18
51 26 15
51 27 21
51 28 21
51 29 23
51 2 21
51 30 16
51 31 21
51 32 19
51 33 18
51 34 17
51 35 13
51 36 18
51 37 20
51 38 16
51 39 17
51 3 17
51 40 18
51 41 15
51 42 19
51 43 19
51 44 16
51 45 19
51 46 14
51 47 24
51 48 19
51 49 19
51 4 21
51 50 21
51 51 17
51 52 20
51 53 19
51 54 17
51 55 20
51 56 19
51 57 17
51 58 20
51 59 20
51 5 20
51 60 23
51 61 18
51 62 17
51 63 20
51 64 18
51 65 19
51 66 18
51 67 23
51 68 23
51 69 14
51 6 20
51 70 18
51 71 21
51 72 16
51 73 18
51 74 11
51 75 21
51 76 20
51 77 15
51 78 16
51 79 16
51 7 21
51 80 17
51 81 19
51 82 20
51 83 19
51 84 16
51 85 18
51 86 23
51 87 13
51 88 16
51 89 21
51 8 17
51 90 15
51 91 20
51 92 27
51 93 13
51 94 13
51 95 16
51 96 19
51 97 24
51 98 24
51 99 17
51 9 19
52 0 25
52 10 22
52 11 28
52 12 23
52 13 33
52 14 25
52 15 32
52 16 29
52 17 23
52 18 27
52 19 22
52 1 29
52 20 23
52 21 24
52 22 24
52 23 25
52 24 21
52 25 23
52 26 21
52 27 33
52 28 23
52 29 23
52 2 22
52 30 24
52 31 31
52 32 22
52 33 26
52 34 15
52 35 19
52 36 30
52 37 27
52 38 26
52 39 29
52 3 28
52 40 22
52 41 26
52 42 27
52 43 21
52 44 18
52 45 21
52 46 20
52 47 23
52 48 22
52 49 29
52 4 28
52 50 25
52 51 23
52 52 20
52 53 24
52 54 21
52 55 29
52 56 29
52 57 24
52 58 30
52 59 27
52 5 24
52 60 23
52 61 30
52 62 31
52 63 24
52 64 24
52 65 25
52 66 28
52 67 28
52 68 30
52 69 24
52 6 25
52 70 24
52 71 23
52 72 27
52 73 27
52 74 15
52 75 19
52 76 28
52 77 20
52 78 22
52 79 23
52 7 23
52 80 27
52 81 27
52 82 27
52 83 25
52 84 20
52 85 31
52 86 30
52 87 15
52 88 22
52 89 22
52 8 21
52 90 18
52 91 26
52 92 34
52 93 18
52 94 20
52 95 26
52 96 26
52 97 29
52 98 27
52 99 22
52 9 20
53 0 23
53 10 22
53 11 28
53 12 25
53 13 28
53 14 25
53 15 25
53 16 24
53 17 27
53 18 28
53 19 29
53 1 21
53 20 20
53 21 21
53 22 21
53 23 22
53 24 23
53 25 24
53 26 21
53 27 29
53 28 29
53 29 30
53 2 26
53 30 27
53 31 27
53 32 20
53 33 23
53 34 20
53 35 20
53 36 30
53 37 26
53 38 24
53 39 24
53 3 30
53 40 20
53 41 22
53 42 29
53 43 28
53 44 21
53 45 24
53 46 13
53 47 32
53 48 19
53 49 29
53 4 28
53 50 25
53 51 18
53 52 20
53 53 22
53 54 21
53 55 30
53 56 27
53 57 17
53 58 26
53 59 27
53 5 26
53 60 23
53 61 20
53 62 26
53 63 23
53 64 22
53 65 23
53 66 31
53 67 26
53 68 28
53 69 27
53 6 23
53 70 24
53 71 24
53 72 24
53 73 23
53 74 23
53 75 24
53 76 19
53 77 16
53 78 17
53 79 23
53 7 25
53 80 25
53 81 22
53 82 22
53 83 23
53 84 22
53 85 27
53 86 30
53 87 20
53 88 22
53 89 25
53 8 19
53 90 25
53 91 26
53 92 31
53 93 25
53 94 23
53 95 30
53 96 26
53 97 25
53 98 25
53 99 19
53 9 23
54 0 18
54 10 20
54 11 26
54 12 29
54 13 26
54 14 26
54 15 26
54 16 25
54 17 20
54 18 25
54 19 26
54 1 20
54 20 24
54 21 20
54 22 22
54 23 25
54 24 23
54 25 20
54 26 17
54 27 29
54 28 31
54 29 25
54 2 23
54 30 22
54 31 31
54 32 23
54 33 25
54 34 16
54 35 18
54 36 26
54 37 19
54 38 26
54 39 28
54 3 24
54 40 20
54 41 21
54 42 25
54 43 26
54 44 20
54 45 25
54 46 19
54 47 24
54 48 22
54 49 21
54 4 24
54 50 21
54 51 23
54 52 22
54 53 19
54 54 22
54 55 22
54 56 28
54 57 21
54 58 25
54 59 22
54 5 23
54 60 25
54 61 25
54 62 24
54 63 27
54 64 21
54 65 29
54 66 30
54 67 29
54 68 22
54 69 22
54 6 23
54 70 23
54 71 22
54 72 28
54 73 24
54 74 19
54 75 17
54 76 19
54 77 20
54 78 18
54 79 27
54 7 26
54 80 20
54 81 18
54 82 27
54 83 20
54 84 24
54 85 22
54 86 18
54 87 17
54 88 22
54 89 23
54 8 18
54 90 20
54 91 23
54 92 24
54 93 23
54 94 25
54 95 27
54 96 21
54 97 21
54 98 20
54 99 21
54 9 22
55 0 21
55 10 26
55 11 30
55 12 28
55 13 38
55 14 31
55 15 26
55 16 29
55 17 30
55 18 25
55 19 29
55 1 22
55 20 31
55 21 31
55 22 22
55 23 28
55 24 26
55 25 24
55 26 27
55 27 29
55 28 33
55 29 34
55 2 26
55 30 28
55 31 33
55 32 24
55 33 30
55 34 22
55 35 19
55 36 30
55 37 37
55 38 24
55 39 31
55 3 28
55 40 25
55 41 28
55 42 29
55 43 29
55 44 27
55 45 33
55 46 21
55 47 22
55 48 24
55 49 27
55 4 30
55 50 30
55 51 25
55 52 21
55 53 26
55 54 23
55 55 25
55 56 32
55 57 30
55 58 32
55 59 31
55 5 28
55 60 29
55 61 25
55 62 31
55 63 31
55 64 24
55 65 32
55 66 30
55 67 33
55 68 35
55 69 26
55 6 31
55 70 25
55 71 28
55 72 27
55 73 31
55 74 20
55 75 28
55 76 28
55 77 22
55 78 27
55 79 30
55 7 29
55 80 30
55 81 28
55 82 32
55 83 32
55 84 23
55 85 26
55 86 33
55 87 24
55 88 27
55 89 22
55 8 24
55 90 19
55 91 34
55 92 27
55 93 23
55 94 29
55 95 35
55 96 26
55 97 26
55 98 31
55 99 26
55 9 22
56 0 17
56 10 18
56 11 24
56 12 25
56 13 27
56 14 27
56 15 24
56 16 25
56 17 29
56 18 24
56 19 22
56 1 22
56 20 16
56 21 20
56 22 24
56 23 24
56 24 24
56 25 23
56 26 20
56 27 28
56 28 30
56 29 27
56 2 19
56 30 21
56 31 32
56 32 21
56 33 28
56 34 20
56 35 21
56 36 27
56 37 22
56 38 22
56 39 24
56 3 26
56 40 21
56 41 21
56 42 22
56 43 26
56 44 27
56 45 31
56 46 13
56 47 23
56 48 20
56 49 31
56 4 31
56 50 22
56 51 21
56 52 21
56 53 19
56 54 22
56 55 22
56 56 22
56 57 17
56 58 22
56 59 23
56 5 26
56 60 29
56 61 19
56 62 28
56 63 23
56 64 26
56 65 22
56 66 23
56 67 25
56 68 25
56 69 20
56 6 26
56 70 18
56 71 24
56 72 27
56 73 28
56 74 18
56 75 23
56 76 25
56 77 22
56 78 19
56 79 22
56 7 27
56 80 27
56 81 19
56 82 26
56 83 23
56 84 24
56 85 21
56 86 29
56 87 18
56 88 26
56 89 29
56 8 26
56 90 29
56 91 23
56 92 28
56 93 19
56 94 23
56 95 29
56 96 19
56 97 26
56 98 28
56 99 22
56 9 23
57 0 19
57 10 24
57 11 26
57 12 29
57 13 31
57 14 29
57 15 20
57 16 23
57 17 29
57 18 26
57 19 25
57 1 24
57 20 21
57 21 23
57 22 25
57 23 27
57 24 28
57 25 22
57 26 21
57 27 23
57 28 34
57 29 31
57 2 26
57 30 26
57 31 28
57 32 24
57 33 31
57 34 24
57 35 20
57 36 27
57 37 29
57 38 22
57 39 28
57 3 25
57 40 27
57 41 20
57 42 26
57 43 28
57 44 27
57 45 28
57 46 23
57 47 24
57 48 20
57 49 27
57 4 24
57 50 28
57 51 20
57 52 21
57 53 24
57 54 19
57 55 26
57 56 30
57 57 25
57 58 27
57 59 32
57 5 29
57 60 26
57 61 27
57 62 24
57 63 23
57 64 31
57 65 28
57 66 25
57 67 26
57 68 26
57 69 28
57 6 21
57 70 22
57 71 25
57 72 27
57 73 25
57 74 18
57 75 26
57 76 25
57 77 18
57 78 23
57 79 26
57 7 24
57 80 29
57 81 24
57 82 30
57 83 28
57 84 23
57 85 28
57 86 31
57 87 17
57 88 28
57 89 25
57 8 24
57 90 21
57 91 26
57 92 32
57 93 19
57 94 27
57 95 28
57 96 24
57 97 29
57 98 31
57 99 25
57 9 27
58 0 20
58 10 18
58 11 30
58 12 21
58 13 27
58 14 26
58 15 23
58 16 27
58 17 25
58 18 23
58 19 24
58 1 21
58 20 22
58 21 28
58 22 24
58 23 20
58 24 23
58 25 22
58 26 20
58 27 25
58 28 29
58 29 30
58 2 29
58 30 25
58 31 27
58 32 19
58 33 23
58 34 21
58 35 23
58 36 29
58 37 31
58 38 24
58 39 22
58 3 27
58 40 24
58 41 23
58 42 26
58 43 20
58 44 21
58 45 26
58 46 19
58 47 21
58 48 18
58 49 27
58 4 26
58 50 22
58 51 24
58 52 19
58 53 24
58 54 20
58 55 24
58 56 26
58 57 23
58 58 27
58 59 31
58 5 25
58 60 21
58 61 24
58 62 25
58 63 24
58 64 27
58 65 25
58 66 30
58 67 31
58 68 32
58 69 21
58 6 27
58 70 20
58 71 25
58 72 26
58 73 27
58 74 21
58 75 22
58 76 24
58 77 19
58 78 21
58 79 26
58 7 23
58 80 31
58 81 21
58 82 24
58 83 27
58 84 19
58 85 25
58 86 29
58 87 19
58 88 27
58 89 22
58 8 19
58 90 24
58 91 23
58 92 31
58 93 19
58 94 25
58 95 26
58 96 21
58 97 28
58 98 26
58 99 23
58 9 30
59 0 16
59 10 23
59 11 30
59 12 27
59 13 27
59 14 28
59 15 25
59 16 22
59 17 24
59 18 25
59 19 24
59 1 23
59 20 21
59 21 24
59 22 26
59 23 24
59 24 23
59 25 25
59 26 15
59 27 27
59 28 27
59 29 30
59 2 22
59 30 24
59 31 29
59 32 19
59 33 23
59 34 19
59 35 19
59 36 29
59 37 27
59 38 26
59 39 27
59 3 29
59 40 23
59 41 25
59 42 24
59 43 22
59 44 21
59 45 25
59 46 17
59 47 27
59 48 22
59 49 28
59 4 24
59 50 21
59 51 21
59 52 19
59 53 21
59 54 19
59 55 25
59 56 27
59 57 19
59 58 27
59 59 26
59 5 27
59 60 22
59 61 28
59 62 24
59 63 23
59 64 25
59 65 29
59 66 29
59 67 31
59 68 27
59 69 22
59 6 24
59 70 20
59 71 22
59 72 30
59 73 28
59 74 16
59 75 26
59 76 28
59 77 18
59 78 24
59 79 25
59 7 27
59 80 23
59 81 25
59 82 26
59 83 24
59 84 22
59 85 24
59 86 28
59 87 16
59 88 24
59 89 24
59 8 17
59 90 23
59 91 23
59 92 37
59 93 20
59 94 18
59 95 29
59 96 22
59 97 31
59 98 24
59 99 25
59 9 26
6 0 20
6 10 25
6 11 28
6 12 25
6 13 33
6 14 23
6 15 25
6 16 26
6 17 25
6 18 25
6 19 24
6 1 24
6 20 23
6 21 23
6 22 25
6 23 22
6 24 21
6 25 24
6 26 18
6 27 29
6 28 32
6 29 24
6 2 21
6 30 22
6 31 29
6 32 24
6 33 22
6 34 20
6 35 21
6 36 32
6 37 27
6 38 26
6 39 23
6 3 30
6 40 19
6 41 19
6 42 28
6 43 23
6 44 19
6 45 27
6 46 23
6 47 26
6 48 20
6 49 27
6 4 29
6 50 26
6 51 23
6 52 23
6 53 20
6 54 20
6 55 27
6 56 26
6 57 21
6 58 21
6 59 28
6 5 28
6 60 21
6 61 23
6 62 26
6 63 26
6 64 21
6 65 26
6 66 30
6 67 27
6 68 34
6 69 21
6 6 22
6 70 21
6 71 26
6 72 28
6 73 21
6 74 24
6 75 24
6 76 21
6 77 20
6 78 24
6 79 27
6 7 24
6 80 23
6 81 25
6 82 24
6 83 23
6 84 22
6 85 22
6 86 26
6 87 21
6 88 22
6 89 25
6 8 16
6 90 23
6 91 23
6 92 26
6 93 24
6 94 28
6 95 26
6 96 22
6 97 24
6 98 30
6 99 24
6 9 24
60 0 22
60 10 20
60 11 27
60 12 26
60 13 26
60 14 25
60 15 21
60 16 22
60 17 26
60 18 21
60 19 25
60 1 19
60 20 21
60 21 25
60 22 18
60 23 23
60 24 23
60 25 24
60 26 20
60 27 30
60 28 34
60 29 27
60 2 22
60 30 24
60 31 30
60 32 23
60 33 25
60 34 21
60 35 18
60 36 30
60 37 27
60 38 31
60 39 24
60 3 23
60 40 22
60 41 22
60 42 24
60 43 25
60 44 23
60 45 25
60 46 23
60 47 21
60 48 24
60 49 24
60 4 28
60 50 24
60 51 22
60 52 21
60 53 21
60 54 22
60 55 27
60 56 24
60 57 21
60 58 24
60 59 23
60 5 23
60 60 27
60 61 25
60 62 28
60 63 23
60 64 24
60 65 24
60 66 26
60 67 30
60 68 28
60 69 20
60 6 25
60 70 22
60 71 25
60 72 26
60 73 29
60 74 23
60 75 22
60 76 24
60 77 21
60 78 21
60 79 26
60 7 27
60 80 23
60 81 25
60 82 25
60 83 23
60 84 24
60 85 23
60 86 24
60 87 20
60 88 25
60 89 22
60 8 18
60 90 23
60 91 29
60 92 27
60 93 20
60 94 25
60 95 25
60 96 15
60 97 26
60 98 23
60 99 21
60 9 21
61 0 21
61 10 19
61 11 33
61 12 25
61 13 26
61 14 27
61 15 23
61 16 24
61 17 22
61 18 24
61 19 20
61 1 17
61 20 20
61 21 23
61 22 27
61 23 25
61 24 25
61 25 20
61 26 23
61 27 25
61 28 27
61 29 35
61 2 23
61 30 24
61 31 34
61 32 22
61 33 27
61 34 23
61 35 19
61 36 28
61 37 27
61 38 24
61 39 31
61 3 24
61 40 22
61 41 22
61 42 26
61 43 23
61 44 24
61 45 27
61 46 22
61 47 23
61 48 21
61 49 30
61 4 24
61 50 20
61 51 24
61 52 23
61 53 21
61 54 20
61 55 23
61 56 27
61 57 21
61 58 29
61 59 26
61 5 28
61 60 19
61 61 25
61 62 26
61 63 26
61 64 28
61 65 30
61 66 30
61 67 29
61 68 25
61 69 24
61 6 25
61 70 17
61 71 21
61 72 27
61 73 29
61 74 15
61 75 23
61 76 26
61 77 17
61 78 23
61 79 28
61 7 22
61 80 26
61 81 25
61 82 26
61 83 28
61 84 20
61 85 26
61 86 29
61 87 16
61 88 29
61 89 27
61 8 21
61 90 24
61 91 23
61 92 34
61 93 20
61 94 20
61 95 29
61 96 24
61 97 25
61 98 26
61 99 21
61 9 24
62 0 17
62 10 19
62 11 24
62 12 23
62 13 26
62 14 22
62 15 23
62 16 18
62 17 24
62 18 18
62 19 27
62 1 18
62 20 19
62 21 20
62 22 21
62 23 24
62 24 21
62 25 21
62 26 14
62 27 22
62 28 24
62 29 22
62 2 23
62 30 20
62 31 21
62 32 17
62 33 18
62 34 16
62 35 17
62 36 29
62 37 20
62 38 20
62 39 25
62 3 23
62 40 16
62 41 17
62 42 20
62 43 19
62 44 19
62 45 23
62 46 16
62 47 22
62 48 19
62 49 21
62 4 22
62 50 25
62 51 18
62 52 15
62 53 20
62 54 16
62 55 23
62 56 22
62 57 19
62 58 19
62 59 22
62 5 21
62 60 21
62 61 20
62 62 19
62 63 16
62 64 18
62 65 21
62 66 22
62 67 22
62 68 23
62 69 22
62 6 24
62 70 23
62 71 21
62 72 23
62 73 23
62 74 19
62 75 24
62 76 20
62 77 20
62 78 18
62 79 21
62 7 21
62 80 17
62 81 19
62 82 23
62 83 25
62 84 19
62 85 17
62 86 25
62 87 15
62 88 27
62 89 21
62 8 18
62 90 20
62 91 24
62 92 25
62 93 18
62 94 19
62 95 22
62 96 20
62 97 19
62 98 23
62 99 16
62 9 19
63 0 17
63 10 23
63 11 30
63 12 23
63 13 32
63 14 24
63 15 23
63 16 25
63 17 23
63 18 23
63 19 25
63 1 23
63 20 24
63 21 29
63 22 23
63 23 23
63 24 21
63 25 21
63 26 20
63 27 21
63 28 21
63 29 25
63 2 28
63 30 25
63 31 25
63 32 21
63 33 20
63 34 15
63 35 19
63 36 30
63 37 28
63 38 29
63 39 27
63 3 24
63 40 22
63 41 25
63 42 25
63 43 23
63 44 21
63 45 25
63 46 23
63 47 22
63 48 20
63 49 20
63 4 18
63 50 22
63 51 22
63 52 17
63 53 20
63 54 20
63 55 23
63 56 28
63 57 19
63 58 29
63 59 24
63 5 26
63 60 24
63 61 28
63 62 27
63 63 26
63 64 19
63 65 23
63 66 27
63 67 27
63 68 29
63 69 20
63 6 25
63 70 19
63 71 27
63 72 24
63 73 23
63 74 21
63 75 22
63 76 23
63 77 18
63 78 22
63 79 25
63 7 23
63 80 25
63 81 23
63 82 29
63 83 26
63 84 21
63 85 18
63 86 24
63 87 18
63 88 25
63 89 25
63 8 17
63 90 17
63 91 31
63 92 29
63 93 19
63 94 28
63 95 23
63 96 23
63 97 27
63 98 25
63 99 21
63 9 23
64 0 22
64 10 24
64 11 33
64 12 29
64 13 34
64 14 25
64 15 28
64 16 25
64 17 35
64 18 26
64 19 29
64 1 23
64 20 24
64 21 25
64 22 23
64 23 25
64 24 23
64 25 25
64 26 19
64 27 37
64 28 26
64 29 33
64 2 24
64 30 26
64 31 31
64 32 28
64 33 25
64 34 22
64 35 22
64 36 31
64 37 36
64 38 28
64 39 27
64 3 27
64 40 24
64 41 22
64 42 30
64 43 24
64 44 25
64 45 27
64 46 24
64 47 25
64 48 21
64 49 30
64 4 26
64 50 30
64 51 25
64 52 20
64 53 28
64 54 22
64 55 28
64 56 28
64 57 29
64 58 31
64 59 30
64 5 25
64 60 25
64 61 28
64 62 35
64 63 28
64 64 23
64 65 33
64 66 34
64 67 31
64 68 33
64 69 25
64 6 29
64 70 23
64 71 30
64 72 28
64 73 27
64 74 17
64 75 26
64 76 24
64 77 20
64 78 23
64 79 29
64 7 24
64 80 35
64 81 25
64 82 26
64 83 31
64 84 20
64 85 30
64 86 30
64 87 18
64 88 26
64 89 21
64 8 24
64 90 22
64 91 32
64 92 33
64 93 16
64 94 22
64 95 30
64 96 27
64 97 27
64 98 30
64 99 25
64 9 23
65 0 20
65 10 25
65 11 32
65 12 30
65 13 31
65 14 26
65 15 25
65 16 21
65 17 27
65 18 24
65 19 28
65 1 25
65 20 23
65 21 23
65 22 24
65 23 26
65 24 25
65 25 25
65 26 21
65 27 23
65 28 29
65 29 29
65 2 28
65 30 27
65 31 28
65 32 24
65 33 23
65 34 17
65 35 20
65 36 30
65 37 29
65 38 29
65 39 25
65 3 28
65 40 26
65 41 24
65 42 30
65 43 29
65 44 24
65 45 31
65 46 20
65 47 25
65 48 22
65 49 24
65 4 28
65 50 28
65 51 24
65 52 20
65 53 24
65 54 23
65 55 24
65 56 31
65 57 28
65 58 32
65 59 30
65 5 22
65 60 27
65 61 21
65 62 26
65 63 28
65 64 24
65 65 25
65 66 32
65 67 26
65 68 32
65 69 20
65 6 23
65 70 27
65 71 24
65 72 33
65 73 28
65 74 21
65 75 32
65 76 22
65 77 18
65 78 26
65 79 29
65 7 27
65 80 29
65 81 28
65 82 28
65 83 28
65 84 19
65 85 27
65 86 32
65 87 18
65 88 23
65 89 23
65 8 24
65 90 22
65 91 31
65 92 30
65 93 16
65 94 24
65 95 32
65 96 23
65 97 25
65 98 27
65 99 27
65 9 21
66 0 22
66 10 19
66 11 32
66 12 29
66 13 31
66 14 26
66 15 28
66 16 31
66 17 29
66 18 23
66 19 27
66 1 23
66 20 19
66 21 19
66 22 24
66 23 26
66 24 24
66 25 23
66 26 19
66 27 26
66 28 33
66 29 28
66 2 25
66 30 25
66 31 31
66 32 21
66 33 25
66 34 18
66 35 25
66 36 33
66 37 31
66 38 26
66 39 26
66 3 35
66 40 20
66 41 26
66 42 24
66 43 24
66 44 27
66 45 32
66 46 21
66 47 26
66 48 18
66 49 28
66 4 27
66 50 25
66 51 22
66 52 22
66 53 22
66 54 23
66 55 31
66 56 28
66 57 28
66 58 28
66 59 30
66 5 27
66 60 24
66 61 23
66 62 27
66 63 24
66 64 30
66 65 25
66 66 30
66 67 22
66 68 31
66 69 24
66 6 22
66 70 23
66 71 26
66 72 26
66 73 26
66 74 16
66 75 25
66 76 23
66 77 24
66 78 22
66 79 25
66 7 24
66 80 32
66 81 23
66 82 31
66 83 23
66 84 25
66 85 30
66 86 34
66 87 17
66 88 21
66 89 28
66 8 24
66 90 26
66 91 28
66 92 29
66 93 20
66 94 27
66 95 30
66 96 19
66 97 23
66 98 32
66 99 25
66 9 24
67 0 20
67 10 18
67 11 28
67 12 23
67 13 25
67 14 24
67 15 23
67 16 23
67 17 21
67 18 25
67 19 24
67 1 22
67 20 21
67 21 24
67 22 16
67 23 22
67 24 22
67 25 19
67 26 17
67 27 23
67 28 27
67 29 29
67 2 21
67 30 23
67 31 28
67 32 22
67 33 25
67 34 15
67 35 23
67 36 26
67 37 31
67 38 22
67 39 19
67 3 23
67 40 20
67 41 22
67 42 24
67 43 21
67 44 21
67 45 28
67 46 17
67 47 23
67 48 20
67 49 26
67 4 31
67 50 23
67 51 19
67 52 26
67 53 21
67 54 17
67 55 21
67 56 23
67 57 17
67 58 21
67 59 26
67 5 20
67 60 24
67 61 22
67 62 19
67 63 19
67 64 20
67 65 17
67 66 25
67 67 26
67 68 23
67 69 20
67 6 25
67 70 23
67 71 23
67 72 23
67 73 23
67 74 20
67 75 23
67 76 28
67 77 19
67 78 19
67 79 18
67 7 22
67 80 27
67 81 20
67 82 23
67 83 23
67 84 20
67 85 19
67 86 27
67 87 20
67 88 21
67 89 23
67 8 18
67 90 20
67 91 20
67 92 27
67 93 19
67 94 21
67 95 28
67 96 22
67 97 24
67 98 26
67 99 22
67 9 21
68 0 24
68 10 28
68 11 32
68 12 29
68 13 34
68 14 31
68 15 31
68 16 27
68 17 27
68 18 32
68 19 28
68 1 28
68 20 25
68 21 31
68 22 27
68 23 28
68 24 26
68 25 27
68 26 21
68 27 28
68 28 29
68 29 31
68 2 30
68 30 26
68 31 36
68 32 24
68 33 26
68 34 20
68 35 17
68 36 34
68 37 30
68 38 26
68 39 28
68 3 29
68 40 23
68 41 28
68 42 30
68 43 29
68 44 21
68 45 34
68 46 23
68 47 27
68 48 24
68 49 29
68 4 39
68 50 25
68 51 26
68 52 24
68 53 23
68 54 28
68 55 29
68 56 29
68 57 24
68 58 31
68 59 30
68 5 26
68 60 30
68 61 24
68 62 26
68 63 27
68 64 25
68 65 29
68 66 32
68 67 38
68 68 36
68 69 24
68 6 32
68 70 29
68 71 25
68 72 33
68 73 29
68 74 20
68 75 31
68 76 23
68 77 24
68 78 25
68 79 26
68 7 32
68 80 27
68 81 28
68 82 24
68 83 27
68 84 26
68 85 27
68 86 32
68 87 21
68 88 24
68 89 26
68 8 25
68 90 24
68 91 29
68 92 32
68 93 24
68 94 28
68 95 36
68 96 27
68 97 28
68 98 26
68 99 25
68 9 26
69 0 13
69 10 22
69 11 20
69 12 29
69 13 26
69 14 17
69 15 19
69 16 21
69 17 22
69 18 24
69 19 28
69 1 21
69 20 17
69 21 17
69 22 20
69 23 20
69 24 22
69 25 19
69 26 16
69 27 22
69 28 26
69 29 24
69 2 21
69 30 21
69 31 22
69 32 19
69 33 22
69 34 15
69 35 17
69 36 28
69 37 24
69 38 19
69 39 21
69 3 22
69 40 17
69 41 20
69 42 21
69 43 22
69 44 20
69 45 22
69 46 19
69 47 20
69 48 14
69 49 18
69 4 23
69 50 22
69 51 15
69 52 16
69 53 23
69 54 21
69 55 19
69 56 26
69 57 18
69 58 22
69 59 21
69 5 20
69 60 22
69 61 23
69 62 24
69 63 25
69 64 17
69 65 24
69 66 22
69 67 19
69 68 24
69 69 22
69 6 20
69 70 19
69 71 23
69 72 22
69 73 20
69 74 13
69 75 20
69 76 20
69 77 19
69 78 21
69 79 22
69 7 18
69 80 24
69 81 15
69 82 24
69 83 24
69 84 22
69 85 22
69 86 21
69 87 16
69 88 21
69 89 19
69 8 20
69 90 17
69 91 25
69 92 23
69 93 16
69 94 23
69 95 27
69 96 20
69 97 18
69 98 24
69 99 22
69 9 18
7 0 20
7 10 22
7 11 29
7 12 30
7 13 28
7 14 25
7 15 25
7 16 24
7 17 29
7 18 25
7 19 23
7 1 26
7 20 20
7 21 26
7 22 25
7 23 21
7 24 25
7 25 21
7 26 19
7 27 25
7 28 27
7 29 32
7 2 28
7 30 24
7 31 31
7 32 24
7 33 28
7 34 21
7 35 16
7 36 27
7 37 29
7 38 24
7 39 27
7 3 25
7 40 21
7 41 19
7 42 28
7 43 26
7 44 21
7 45 29
7 46 21
7 47 23
7 48 26
7 49 27
7 4 30
7 50 22
7 51 21
7 52 28
7 53 22
7 54 19
7 55 23
7 56 30
7 57 23
7 58 29
7 59 27
7 5 25
7 60 25
7 61 26
7 62 28
7 63 26
7 64 26
7 65 27
7 66 30
7 67 31
7 68 31
7 69 25
7 6 27
7 70 22
7 71 26
7 72 29
7 73 27
7 74 20
7 75 24
7 76 20
7 77 16
7 78 27
7 79 31
7 7 25
7 80 29
7 81 21
7 82 24
7 83 21
7 84 21
7 85 23
7 86 29
7 87 18
7 88 25
7 89 26
7 8 21
7 90 20
7 91 27
7 92 33
7 93 20
7 94 26
7 95 29
7 96 22
7 97 24
7 98 26
7 99 23
7 9 25
70 0 19
70 10 22
70 11 26
70 12 24
70 13 26
70 14 22
70 15 22
70 16 27
70 17 23
70 18 18
70 19 26
70 1 22
70 20 19
70 21 19
70 22 23
70 23 19
70 24 28
70 25 15
70 26 19
70 27 26
70 28 29
70 29 25
70 2 21
70 30 22
70 31 30
70 32 20
70 33 20
70 34 16
70 35 17
70 36 27
70 37 23
70 38 23
70 39 25
70 3 23
70 40 22
70 41 22
70 42 22
70 43 22
70 44 19
70 45 26
70 46 20
70 47 23
70 48 17
70 49 22
70 4 21
70 50 20
70 51 25
70 52 20
70 53 20
70 54 14
70 55 23
70 56 23
70 57 21
70 58 24
70 59 25
70 5 23
70 60 25
70 61 23
70 62 22
70 63 25
70 64 23
70 65 23
70 66 27
70 67 24
70 68 27
70 69 19
70 6 24
70 70 18
70 71 22
70 72 23
70 73 23
70 74 19
70 75 21
70 76 22
70 77 20
70 78 20
70 79 26
70 7 21
70 80 23
70 81 22
70 82 27
70 83 19
70 84 19
70 85 16
70 86 24
70 87 12
70 88 23
70 89 25
70 8 18
70 90 20
70 91 20
70 92 27
70 93 17
70 94 29
70 95 25
70 96 20
70 97 23
70 98 21
70 99 21
70 9 19
71 0 27
71 10 22
71 11 34
71 12 29
71 13 31
71 14 28
71 15 33
71 16 25
71 17 28
71 18 30
71 19 34
71 1 28
71 20 22
71 21 22
71 22 23
71 23 27
71 24 28
71 25 21
71 26 19
71 27 28
71 28 30
71 29 30
71 2 26
71 30 24
71 31 33
71 32 24
71 33 29
71 34 21
71 35 24
71 36 31
71 37 26
71 38 26
71 39 29
71 3 31
71 40 24
71 41 21
71 42 25
71 43 29
71 44 21
71 45 29
71 46 19
71 47 29
71 48 23
71 49 28
71 4 32
71 50 26
71 51 26
71 52 27
71 53 23
71 54 22
71 55 25
71 56 32
71 57 26
71 58 28
71 59 26
71 5 28
71 60 28
71 61 26
71 62 27
71 63 28
71 64 26
71 65 29
71 66 30
71 67 31
71 68 28
71 69 28
71 6 29
71 70 27
71 71 25
71 72 25
71 73 26
71 74 20
71 75 30
71 76 24
71 77 25
71 78 22
71 79 25
71 7 33
71 80 31
71 81 23
71 82 30
71 83 21
71 84 26
71 85 25
71 86 33
71 87 18
71 88 26
71 89 29
71 8 21
71 90 24
71 91 27
71 92 30
71 93 25
71 94 27
71 95 35
71 96 30
71 97 26
71 98 28
71 99 20
71 9 21
72 0 16
72 10 19
72 11 25
72 12 19
72 13 22
72 14 21
72 15 20
72 16 21
72 17 20
72 18 20
72 19 21
72 1 19
72 20 17
72 21 19
72 22 15
72 23 20
72 24 26
72 25 19
72 26 16
72 27 20
72 28 26
72 29 24
72 2 19
72 30 25
72 31 27
72 32 18
72 33 26
72 34 16
72 35 15
72 36 23
72 37 21
72 38 20
72 39 20
72 3 22
72 40 21
72 41 21
72 42 14
72 43 17
72 44 16
72 45 24
72 46 15
72 47 19
72 48 16
72 49 21
72 4 25
72 50 20
72 51 20
72 52 14
72 53 16
72 54 16
72 55 20
72 56 24
72 57 17
72 58 22
72 59 24
72 5 17
72 60 19
72 61 23
72 62 18
72 63 19
72 64 20
72 65 17
72 66 22
72 67 23
72 68 21
72 69 17
72 6 20
72 70 17
72 71 17
72 72 19
72 73 21
72 74 17
72 75 21
72 76 21
72 77 20
72 78 19
72 79 22
72 7 22
72 80 23
72 81 23
72 82 24
72 83 21
72 84 17
72 85 19
72 86 21
72 87 17
72 88 18
72 89 20
72 8 17
72 90 18
72 91 17
72 92 28
72 93 16
72 94 17
72 95 20
72 96 19
72 97 18
72 98 19
72 99 17
72 9 18
73 0 17
73 10 20
73 11 25
73 12 25
73 13 33
73 14 27
73 15 23
73 16 22
73 17 27
73 18 19
73 19 29
73 1 22
73 20 19
73 21 20
73 22 23
73 23 21
73 24 21
73 25 20
73 26 17
73 27 25
73 28 27
73 29 27
73 2 22
73 30 18
73 31 24
73 32 23
73 33 25
73 34 19
73 35 24
73 36 26
73 37 29
73 38 26
73 39 24
73 3 25
73 40 21
73 41 18
73 42 27
73 43 22
73 44 25
73 45 26
73 46 18
73 47 26
73 48 24
73 49 25
73 4 25
73 50 25
73 51 17
73 52 22
73 53 23
73 54 20
73 55 25
73 56 24
73 57 22
73 58 28
73 59 26
73 5 25
73 60 26
73 61 21
73 62 28
73 63 23
73 64 23
73 65 22
73 66 27
73 67 26
73 68 26
73 69 23
73 6 24
73 70 26
73 71 27
73 72 25
73 73 25
73 74 20
73 75 26
73 76 23
73 77 19
73 78 20
73 79 23
73 7 24
73 80 28
73 81 20
73 82 26
73 83 27
73 84 20
73 85 22
73 86 30
73 87 13
73 88 29
73 89 27
73 8 22
73 90 21
73 91 25
73 92 23
73 93 20
73 94 25
73 95 34
73 96 19
73 97 25
73 98 30
73 99 19
73 9 24
74 0 23
74 10 20
74 11 28
74 12 26
74 13 30
74 14 28
74 15 23
74 16 23
74 17 29
74 18 25
74 19 23
74 1 25
74 20 17
74 21 23
74 22 18
74 23 27
74 24 23
74 25 22
74 26 25
74 27 28
74 28 22
74 29 31
74 2 25
74 30 22
74 31 30
74 32 21
74 33 26
74 34 22
74 35 19
74 36 28
74 37 27
74 38 21
74 39 28
74 3 24
74 40 25
74 41 20
74 42 23
74 43 28
74 44 19
74 45 23
74 46 17
74 47 27
74 48 22
74 49 27
74 4 31
74 50 27
74 51 21
74 52 25
74 53 20
74 54 21
74 55 25
74 56 24
74 57 20
74 58 28
74 59 26
74 5 27
74 60 24
74 61 22
74 62 27
74 63 26
74 64 22
74 65 21
74 66 27
74 67 26
74 68 24
74 69 25
74 6 24
74 70 20
74 71 21
74 72 25
74 73 32
74 74 19
74 75 29
74 76 24
74 77 17
74 78 19
74 79 26
74 7 25
74 80 28
74 81 22
74 82 28
74 83 23
74 84 23
74 85 23
74 86 29
74 87 13
74 88 24
74 89 23
74 8 19
74 90 25
74 91 27
74 92 26
74 93 19
74 94 25
74 95 33
74 96 23
74 97 27
74 98 25
74 99 20
74 9 21
75 0 23
75 10 21
75 11 30
75 12 26
75 13 33
75 14 24
75 15 23
75 16 28
75 17 23
75 18 24
75 19 34
75 1 25
75 20 24
75 21 23
75 22 25
75 23 20
75 24 25
75 25 26
75 26 22
75 27 26
75 28 27
75 29 30
75 2 24
75 30 26
75 31 29
75 32 23
75 33 24
75 34 15
75 35 21
75 36 33
75 37 29
75 38 28
75 39 23
75 3 28
75 40 22
75 41 25
75 42 23
75 43 20
75 44 20
75 45 29
75 46 18
75 47 32
75 48 22
75 49 24
75 4 18
75 50 24
75 51 22
75 52 21
75 53 24
75 54 20
75 55 28
75 56 30
75 57 22
75 58 32
75 59 29
75 5 23
75 60 20
75 61 25
75 62 28
75 63 26
75 64 25
75 65 21
75 66 30
75 67 22
75 68 32
75 69 23
75 6 25
75 70 23
75 71 22
75 72 27
75 73 24
75 74 17
75 75 26
75 76 21
75 77 20
75 78 20
75 79 24
75 7 24
75 80 24
75 81 26
75 82 28
75 83 24
75 84 20
75 85 25
75 86 26
75 87 19
75 88 23
75 89 21
75 8 20
75 90 23
75 91 30
75 92 30
75 93 19
75 94 25
75 95 25
75 96 22
75 97 22
75 98 26
75 99 25
75 9 20
76 0 21
76 10 19
76 11 26
76 12 27
76 13 27
76 14 25
76 15 23
76 16 24
76 17 23
76 18 27
76 19 21
76 1 20
76 20 22
76 21 23
76 22 21
76 23 16
76 24 24
76 25 24
76 26 19
76 27 26
76 28 26
76 29 28
76 2 22
76 30 18
76 31 27
76 32 16
76 33 23
76 34 17
76 35 20
76 36 31
76 37 25
76 38 21
76 39 25
76 3 24
76 40 21
76 41 14
76 42 26
76 43 25
76 44 17
76 45 23
76 46 16
76 47 24
76 48 21
76 49 25
76 4 24
76 50 25
76 51 25
76 52 26
76 53 18
76 54 18
76 55 21
76 56 26
76 57 21
76 58 27
76 59 24
76 5 23
76 60 20
76 61 23
76 62 24
76 63 27
76 64 25
76 65 23
76 66 27
76 67 25
76 68 26
76 69 21
76 6 26
76 70 25
76 71 21
76 72 22
76 73 23
76 74 17
76 75 21
76 76 21
76 77 17
76 78 20
76 79 22
76 7 26
76 80 23
76 81 19
76 82 22
76 83 23
76 84 20
76 85 24
76 86 26
76 87 16
76 88 24
76 89 23
76 8 17
76 90 21
76 91 26
76 92 25
76 93 22
76 94 25
76 95 27
76 96 20
76 97 21
76 98 26
76 99 17
76 9 20
77 0 25
77 10 23
77 11 29
77 12 29
77 13 33
77 14 28
77 15 23
77 16 28
77 17 29
77 18 28
77 19 29
77 1 31
77 20 22
77 21 28
77 22 21
77 23 27
77 24 32
77 25 26
77 26 26
77 27 29
77 28 32
77 29 31
77 2 29
77 30 26
77 31 32
77 32 21
77 33 27
77 34 22
77 35 21
77 36 32
77 37 30
77 38 30
77 39 31
77 3 29
77 40 24
77 41 25
77 42 26
77 43 31
77 44 25
77 45 33
77 46 21
77 47 28
77 48 18
77 49 29
77 4 32
77 50 23
77 51 24
77 52 23
77 53 23
77 54 26
77 55 25
77 56 32
77 57 25
77 58 33
77 59 31
77 5 26
77 60 26
77 61 32
77 62 30
77 63 29
77 64 23
77 65 27
77 66 32
77 67 32
77 68 32
77 69 30
77 6 26
77 70 25
77 71 24
77 72 28
77 73 29
77 74 20
77 75 28
77 76 32
77 77 25
77 78 26
77 79 26
77 7 33
77 80 31
77 81 27
77 82 31
77 83 31
77 84 26
77 85 24
77 86 29
77 87 22
77 88 26
77 89 28
77 8 25
77 90 23
77 91 25
77 92 30
77 93 21
77 94 30
77 95 37
77 96 27
77 97 30
77 98 28
77 99 22
77 9 27
78 0 20
78 10 19
78 11 25
78 12 24
78 13 26
78 14 28
78 15 20
78 16 24
78 17 26
78 18 20
78 19 21
78 1 21
78 20 21
78 21 22
78 22 24
78 23 27
78 24 26
78 25 24
78 26 21
78 27 24
78 28 28
78 29 31
78 2 26
78 30 24
78 31 32
78 32 22
78 33 29
78 34 21
78 35 18
78 36 26
78 37 24
78 38 22
78 39 26
78 3 29
78 40 24
78 41 24
78 42 25
78 43 26
78 44 18
78 45 27
78 46 18
78 47 25
78 48 21
78 49 26
78 4 24
78 50 19
78 51 20
78 52 20
78 53 18
78 54 16
78 55 23
78 56 24
78 57 20
78 58 28
78 59 27
78 5 23
78 60 22
78 61 22
78 62 24
78 63 25
78 64 28
78 65 23
78 66 24
78 67 24
78 68 24
78 69 26
78 6 21
78 70 22
78 71 17
78 72 28
78 73 28
78 74 19
78 75 23
78 76 24
78 77 16
78 78 23
78 79 28
78 7 23
78 80 25
78 81 27
78 82 24
78 83 24
78 84 20
78 85 26
78 86 23
78 87 20
78 88 24
78 89 19
78 8 24
78 90 24
78 91 29
78 92 30
78 93 20
78 94 21
78 95 28
78 96 21
78 97 18
78 98 27
78 99 27
78 9 24
79 0 20
79 10 26
79 11 29
79 12 29
79 13 25
79 14 31
79 15 27
79 16 29
79 17 28
79 18 26
79 19 25
79 1 24
79 20 23
79 21 25
79 22 20
79 23 24
79 24 25
79 25 19
79 26 16
79 27 31
79 28 29
79 29 32
79 2 31
79 30 21
79 31 33
79 32 25
79 33 27
79 34 19
79 35 23
79 36 27
79 37 28
79 38 28
79 39 28
79 3 28
79 40 28
79 41 20
79 42 25
79 43 27
79 44 23
79 45 25
79 46 18
79 47 25
79 48 22
79 49 28
79 4 26
79 50 24
79 51 23
79 52 21
79 53 25
79 54 22
79 55 30
79 56 30
79 57 26
79 58 28
79 59 26
79 5 25
79 60 27
79 61 27
79 62 24
79 63 23
79 64 25
79 65 27
79 66 29
79 67 32
79 68 29
79 69 26
79 6 23
79 70 23
79 71 22
79 72 28
79 73 25
79 74 18
79 75 21
79 76 25
79 77 18
79 78 25
79 79 25
79 7 20
79 80 30
79 81 20
79 82 27
79 83 24
79 84 19
79 85 25
79 86 31
79 87 19
79 88 28
79 89 27
79 8 21
79 90 22
79 91 27
79 92 33
79 93 19
79 94 24
79 95 31
79 96 23
79 97 31
79 98 27
79 99 21
79 9 26
8 0 21
8 10 24
8 11 26
8 12 26
8 13 30
8 14 22
8 15 24
8 16 27
8 17 18
8 18 27
8 19 22
8 1 21
8 20 23
8 21 20
8 22 23
8 23 23
8 24 22
8 25 21
8 26 22
8 27 28
8 28 27
8 29 26
8 2 24
8 30 23
8 31 28
8 32 19
8 33 22
8 34 17
8 35 17
8 36 28
8 37 25
8 38 22
8 39 25
8 3 27
8 40 23
8 41 24
8 42 24
8 43 25
8 44 20
8 45 24
8 46 19
8 47 24
8 48 21
8 49 17
8 4 23
8 50 22
8 51 23
8 52 19
8 53 25
8 54 19
8 55 25
8 56 29
8 57 23
8 58 26
8 59 24
8 5 20
8 60 23
8 61 28
8 62 26
8 63 26
8 64 22
8 65 17
8 66 23
8 67 22
8 68 26
8 69 22
8 6 20
8 70 19
8 71 26
8 72 25
8 73 26
8 74 15
8 75 19
8 76 28
8 77 20
8 78 23
8 79 24
8 7 24
8 80 24
8 81 23
8 82 29
8 83 26
8 84 23
8 85 20
8 86 24
8 87 16
8 88 23
8 89 25
8 8 24
8 90 19
8 91 25
8 92 28
8 93 20
8 94 21
8 95 25
8 96 24
8 97 29
8 98 28
8 99 23
8 9 25
80 0 14
80 10 15
80 11 27
80 12 27
80 13 25
80 14 21
80 15 20
80 16 19
80 17 19
80 18 23
80 19 24
80 1 15
80 20 19
80 21 15
80 22 18
80 23 23
80 24 20
80 25 18
80 26 23
80 27 23
80 28 30
80 29 29
80 2 22
80 30 23
80 31 26
80 32 15
80 33 30
80 34 22
80 35 15
80 36 23
80 37 19
80 38 24
80 39 27
80 3 24
80 40 23
80 41 22
80 42 19
80 43 23
80 44 23
80 45 23
80 46 16
80 47 21
80 48 21
80 49 22
80 4 26
80 50 20
80 51 14
80 52 20
80 53 20
80 54 21
80 55 20
80 56 26
80 57 18
80 58 25
80 59 20
80 5 22
80 60 22
80 61 23
80 62 24
80 63 22
80 64 21
80 65 17
80 66 22
80 67 23
80 68 21
80 69 25
80 6 20
80 70 18
80 71 26
80 72 23
80 73 30
80 74 14
80 75 25
80 76 19
80 77 16
80 78 20
80 79 20
80 7 25
80 80 26
80 81 22
80 82 26
80 83 20
80 84 18
80 85 24
80 86 23
80 87 16
80 88 19
80 89 27
80 8 21
80 90 20
80 91 23
80 92 29
80 93 13
80 94 21
80 95 27
80 96 20
80 97 19
80 98 27
80 99 22
80 9 25
81 0 19
81 10 21
81 11 31
81 12 24
81 13 34
81 14 27
81 15 28
81 16 26
81 17 26
81 18 29
81 19 31
81 1 24
81 20 20
81 21 20
81 22 23
81 23 25
81 24 25
81 25 24
81 26 22
81 27 26
81 28 30
81 29 34
81 2 29
81 30 27
81 31 29
81 32 28
81 33 23
81 34 16
81 35 23
81 36 30
81 37 23
81 38 21
81 39 25
81 3 25
81 40 22
81 41 25
81 42 31
81 43 23
81 44 25
81 45 27
81 46 18
81 47 29
81 48 23
81 49 21
81 4 28
81 50 26
81 51 18
81 52 21
81 53 25
81 54 24
81 55 30
81 56 34
81 57 25
81 58 28
81 59 30
81 5 28
81 60 24
81 61 23
81 62 23
81 63 25
81 64 24
81 65 24
81 66 28
81 67 27
81 68 31
81 69 24
81 6 25
81 70 24
81 71 27
81 72 29
81 73 26
81 74 18
81 75 21
81 76 22
81 77 18
81 78 20
81 79 29
81 7 23
81 80 28
81 81 22
81 82 25
81 83 25
81 84 20
81 85 30
81 86 32
81 87 19
81 88 25
81 89 23
81 8 21
81 90 23
81 91 27
81 92 32
81 93 23
81 94 24
81 95 25
81 96 21
81 97 24
81 98 29
81 99 24
81 9 22
82 0 15
82 10 21
82 11 29
82 12 25
82 13 32
82 14 26
82 15 23
82 16 24
82 17 26
82 18 23
82 19 28
82 1 23
82 20 22
82 21 19
82 22 25
82 23 21
82 24 23
82 25 20
82 26 17
82 27 24
82 28 30
82 29 31
82 2 26
82 30 24
82 31 25
82 32 20
82 33 26
82 34 21
82 35 20
82 36 25
82 37 27
82 38 19
82 39 26
82 3 22
82 40 23
82 41 24
82 42 24
82 43 28
82 44 20
82 45 26
82 46 15
82 47 26
82 48 21
82 49 19
82 4 26
82 50 20
82 51 19
82 52 22
82 53 20
82 54 21
82 55 27
82 56 26
82 57 18
82 58 28
82 59 31
82 5 25
82 60 24
82 61 22
82 62 22
82 63 22
82 64 28
82 65 23
82 66 29
82 67 30
82 68 26
82 69 25
82 6 22
82 70 20
82 71 20
82 72 25
82 73 22
82 74 16
82 75 23
82 76 21
82 77 16
82 78 26
82 79 26
82 7 26
82 80 25
82 81 22
82 82 25
82 83 23
82 84 14
82 85 21
82 86 29
82 87 18
82 88 21
82 89 26
82 8 22
82 90 22
82 91 27
82 92 30
82 93 24
82 94 21
82 95 30
82 96 24
82 97 26
82 98 22
82 99 21
82 9 24
83 0 17
83 10 14
83 11 28
83 12 21
83 13 26
83 14 17
83 15 20
83 16 21
83 17 21
83 18 28
83 19 23
83 1 20
83 20 17
83 21 18
83 22 20
83 23 24
83 24 18
83 25 15
83 26 17
83 27 26
83 28 25
83 29 31
83 2 23
83 30 21
83 31 25
83 32 23
83 33 21
83 34 19
83 35 16
83 36 24
83 37 28
83 38 20
83 39 20
83 3 19
83 40 20
83 41 22
83 42 21
83 43 21
83 44 19
83 45 17
83 46 17
83 47 22
83 48 14
83 49 21
83 4 26
83 50 19
83 51 19
83 52 20
83 53 21
83 54 20
83 55 20
83 56 20
83 57 22
83 58 19
83 59 22
83 5 19
83 60 17
83 61 19
83 62 19
83 63 20
83 64 22
83 65 25
83 66 26
83 67 22
83 68 25
83 69 20
83 6 24
83 70 14
83 71 18
83 72 22
83 73 22
83 74 10
83 75 24
83 76 18
83 77 15
83 78 14
83 79 20
83 7 21
83 80 26
83 81 18
83 82 19
83 83 20
83 84 13
83 85 23
83 86 24
83 87 14
83 88 16
83 89 22
83 8 14
83 90 18
83 91 17
83 92 29
83 93 17
83 94 22
83 95 26
83 96 18
83 97 25
83 98 23
83 99 17
83 9 21
84 0 26
84 10 26
84 11 30
84 12 34
84 13 37
84 14 28
84 15 32
84 16 30
84 17 32
84 18 30
84 19 33
84 1 26
84 20 27
84 21 29
84 22 27
84 23 27
84 24 27
84 25 28
84 26 24
84 27 31
84 28 34
84 29 32
84 2 26
84 30 29
84 31 34
84 32 27
84 33 32
84 34 21
84 35 22
84 36 35
84 37 33
84 38 28
84 39 30
84 3 33
84 40 26
84 41 29
84 42 32
84 43 27
84 44 26
84 45 35
84 46 21
84 47 31
84 48 28
84 49 30
84 4 36
84 50 30
84 51 30
84 52 23
84 53 23
84 54 25
84 55 29
84 56 33
84 57 27
84 58 31
84 59 32
84 5 29
84 60 30
84 61 26
84 62 33
84 63 29
84 64 30
84 65 29
84 66 31
84 67 37
84 68 36
84 69 31
84 6 33
84 70 28
84 71 36
84 72 30
84 73 35
84 74 23
84 75 32
84 76 25
84 77 23
84 78 29
84 79 30
84 7 30
84 80 34
84 81 26
84 82 31
84 83 29
84 84 31
84 85 32
84 86 38
84 87 20
84 88 30
84 89 26
84 8 26
84 90 30
84 91 38
84 92 32
84 93 26
84 94 30
84 95 36
84 96 23
84 97 29
84 98 32
84 99 27
84 9 23
85 0 19
85 10 23
85 11 31
85 12 27
85 13 23
85 14 25
85 15 27
85 16 26
85 17 25
85 18 28
85 19 28
85 1 20
85 20 21
85 21 21
85 22 23
85 23 27
85 24 24
85 25 19
85 26 16
85 27 27
85 28 31
85 29 30
85 2 26
85 30 26
85 31 33
85 32 25
85 33 27
85 34 18
85 35 20
85 36 33
85 37 24
85 38 19
85 39 29
85 3 33
85 40 23
85 41 27
85 42 26
85 43 32
85 44 21
85 45 34
85 46 20
85 47 25
85 48 21
85 49 25
85 4 32
85 50 23
85 51 25
85 52 21
85 53 21
85 54 23
85 55 23
85 56 29
85 57 24
85 58 24
85 59 26
85 5 27
85 60 25
85 61 23
85 62 25
85 63 29
85 64 26
85 65 24
85 66 28
85 67 27
85 68 28
85 69 22
85 6 27
85 70 24
85 71 20
85 72 28
85 73 25
85 74 20
85 75 26
85 76 27
85 77 18
85 78 24
85 79 23
85 7 26
85 80 31
85 81 22
85 82 23
85 83 25
85 84 21
85 85 25
85 86 27
85 87 21
85 88 29
85 89 23
85 8 21
85 90 24
85 91 26
85 92 33
85 93 22
85 94 25
85 95 28
85 96 25
85 97 23
85 98 27
85 99 27
85 9 24
86 0 23
86 10 23
86 11 30
86 12 25
86 13 27
86 14 25
86 15 27
86 16 28
86 17 27
86 18 30
86 19 24
86 1 24
86 20 21
86 21 23
86 22 21
86 23 25
86 24 25
86 25 25
86 26 21
86 27 27
86 28 29
86 29 28
86 2 25
86 30 28
86 31 26
86 32 24
86 33 25
86 34 15
86 35 24
86 36 27
86 37 28
86 38 17
86 39 29
86 3 24
86 40 21
86 41 18
86 42 27
86 43 23
86 44 23
86 45 28
86 46 20
86 47 29
86 48 17
86 49 25
86 4 27
86 50 25
86 51 20
86 52 21
86 53 23
86 54 20
86 55 26
86 56 25
86 57 22
86 58 28
86 59 28
86 5 27
86 60 22
86 61 24
86 62 25
86 63 26
86 64 21
86 65 25
86 66 28
86 67 26
86 68 31
86 69 21
86 6 23
86 70 19
86 71 23
86 72 25
86 73 25
86 74 19
86 75 23
86 76 22
86 77 19
86 78 19
86 79 28
86 7 26
86 80 24
86 81 21
86 82 27
86 83 28
86 84 26
86 85 27
86 86 31
86 87 14
86 88 30
86 89 24
86 8 23
86 90 28
86 91 25
86 92 25
86 93 24
86 94 27
86 95 27
86 96 23
86 97 31
86 98 30
86 99 22
86 9 20
87 0 23
87 10 27
87 11 28
87 12 24
87 13 33
87 14 23
87 15 24
87 16 27
87 17 31
87 18 25
87 19 28
87 1 22
87 20 19
87 21 26
87 22 25
87 23 27
87 24 25
87 25 23
87 26 19
87 27 31
87 28 31
87 29 29
87 2 25
87 30 25
87 31 32
87 32 25
87 33 28
87 34 22
87 35 23
87 36 28
87 37 30
87 38 23
87 39 26
87 3 29
87 40 24
87 41 22
87 42 27
87 43 24
87 44 19
87 45 23
87 46 23
87 47 25
87 48 22
87 49 28
87 4 26
87 50 27
87 51 24
87 52 20
87 53 21
87 54 23
87 55 30
87 56 32
87 57 24
87 58 23
87 59 29
87 5 27
87 60 27
87 61 22
87 62 24
87 63 27
87 64 26
87 65 28
87 66 29
87 67 29
87 68 28
87 69 25
87 6 26
87 70 27
87 71 25
87 72 24
87 73 22
87 74 21
87 75 23
87 76 22
87 77 18
87 78 22
87 79 28
87 7 25
87 80 29
87 81 24
87 82 25
87 83 22
87 84 21
87 85 28
87 86 26
87 87 19
87 88 25
87 89 22
87 8 18
87 90 24
87 91 25
87 92 31
87 93 23
87 94 25
87 95 27
87 96 24
87 97 26
87 98 28
87 99 20
87 9 25
88 0 21
88 10 24
88 11 26
88 12 25
88 13 32
88 14 26
88 15 23
88 16 22
88 17 23
88 18 22
88 19 28
88 1 23
88 20 25
88 21 25
88 22 25
88 23 23
88 24 22
88 25 27
88 26 23
88 27 24
88 28 30
88 29 29
88 2 24
88 30 23
88 31 28
88 32 24
88 33 28
88 34 19
88 35 20
88 36 28
88 37 30
88 38 26
88 39 21
88 3 24
88 40 25
88 41 21
88 42 29
88 43 23
88 44 27
88 45 28
88 46 17
88 47 28
88 48 24
88 49 30
88 4 28
88 50 22
88 51 26
88 52 21
88 53 23
88 54 21
88 55 20
88 56 31
88 57 20
88 58 29
88 59 30
88 5 23
88 60 24
88 61 21
88 62 26
88 63 29
88 64 24
88 65 26
88 66 36
88 67 32
88 68 32
88 69 20
88 6 26
88 70 19
88 71 25
88 72 28
88 73 29
88 74 22
88 75 23
88 76 24
88 77 18
88 78 21
88 79 26
88 7 28
88 80 29
88 81 24
88 82 22
88 83 31
88 84 23
88 85 25
88 86 31
88 87 20
88 88 30
88 89 23
88 8 20
88 90 24
88 91 26
88 92 31
88 93 17
88 94 27
88 95 31
88 96 21
88 97 25
88 98 22
88 99 21
88 9 25
89 0 20
89 10 21
89 11 28
89 12 23
89 13 30
89 14 26
89 15 21
89 16 18
89 17 26
89 18 21
89 19 28
89 1 20
89 20 19
89 21 18
89 22 25
89 23 25
89 24 23
89 25 27
89 26 23
89 27 27
89 28 31
89 29 26
89 2 23
89 30 23
89 31 23
89 32 19
89 33 29
89 34 17
89 35 24
89 36 28
89 37 24
89 38 23
89 39 23
89 3 22
89 40 24
89 41 17
89 42 24
89 43 21
89 44 22
89 45 18
89 46 17
89 47 21
89 48 20
89 49 26
89 4 21
89 50 27
89 51 23
89 52 20
89 53 23
89 54 19
89 55 25
89 56 29
89 57 22
89 58 24
89 59 26
89 5 23
89 60 24
89 61 24
89 62 26
89 63 25
89 64 24
89 65 21
89 66 32
89 67 22
89 68 24
89 69 24
89 6 19
89 70 24
89 71 24
89 72 23
89 73 26
89 74 19
89 75 21
89 76 23
89 77 20
89 78 19
89 79 29
89 7 25
89 80 25
89 81 24
89 82 27
89 83 22
89 84 23
89 85 28
89 86 23
89 87 13
89 88 24
89 89 25
89 8 19
89 90 24
89 91 22
89 92 23
89 93 19
89 94 27
89 95 27
89 96 21
89 97 23
89 98 27
89 99 17
89 9 18
9 0 19
9 10 20
9 11 32
9 12 30
9 13 30
9 14 28
9 15 20
9 16 25
9 17 29
9 18 27
9 19 30
9 1 21
9 20 21
9 21 25
9 22 24
9 23 27
9 24 20
9 25 24
9 26 21
9 27 29
9 28 30
9 29 26
9 2 24
9 30 26
9 31 24
9 32 22
9 33 20
9 34 16
9 35 22
9 36 30
9 37 30
9 38 23
9 39 26
9 3 29
9 40 24
9 41 26
9 42 29
9 43 25
9 44 22
9 45 25
9 46 22
9 47 25
9 48 21
9 49 19
9 4 24
9 50 25
9 51 26
9 52 20
9 53 21
9 54 23
9 55 33
9 56 26
9 57 27
9 58 30
9 59 24
9 5 21
9 60 28
9 61 25
9 62 25
9 63 25
9 64 23
9 65 24
9 66 25
9 67 29
9 68 26
9 69 27
9 6 24
9 70 23
9 71 25
9 72 28
9 73 29
9 74 19
9 75 25
9 76 23
9 77 22
9 78 23
9 79 24
9 7 28
9 80 31
9 81 26
9 82 25
9 83 26
9 84 22
9 85 25
9 86 28
9 87 15
9 88 26
9 89 22
9 8 24
9 90 21
9 91 31
9 92 29
9 93 24
9 94 25
9 95 31
9 96 19
9 97 26
9 98 32
9 99 20
9 9 24
90 0 18
90 10 18
90 11 27
90 12 24
90 13 24
90 14 24
90 15 24
90 16 25
90 17 22
90 18 24
90 19 22
90 1 20
90 20 20
90 21 21
90 22 18
90 23 24
90 24 19
90 25 20
90 26 15
90 27 23
90 28 30
90 29 22
90 2 18
90 30 23
90 31 27
90 32 19
90 33 23
90 34 18
90 35 20
90 36 27
90 37 18
90 38 23
90 39 24
90 3 27
90 40 23
90 41 22
90 42 20
90 43 21
90 44 19
90 45 22
90 46 16
90 47 23
90 48 19
90 49 21
90 4 26
90 50 20
90 51 21
90 52 17
90 53 15
90 54 19
90 55 24
90 56 26
90 57 19
90 58 22
90 59 22
90 5 21
90 60 22
90 61 20
90 62 22
90 63 25
90 64 24
90 65 19
90 66 21
90 67 27
90 68 25
90 69 23
90 6 17
90 70 20
90 71 20
90 72 24
90 73 26
90 74 17
90 75 20
90 76 17
90 77 22
90 78 21
90 79 21
90 7 23
90 80 21
90 81 25
90 82 22
90 83 21
90 84 16
90 85 26
90 86 26
90 87 17
90 88 21
90 89 20
90 8 17
90 90 20
90 91 22
90 92 24
90 93 21
90 94 24
90 95 26
90 96 18
90 97 20
90 98 28
90 99 22
90 9 19
91 0 16
91 10 24
91 11 31
91 12 25
91 13 26
91 14 25
91 15 25
91 16 23
91 17 24
91 18 21
91 19 23
91 1 19
91 20 22
91 21 24
91 22 24
91 23 26
91 24 24
91 25 23
91 26 20
91 27 23
91 28 33
91 29 32
91 2 24
91 30 28
91 31 30
91 32 20
91 33 28
91 34 19
91 35 21
91 36 25
91 37 27
91 38 26
91 39 22
91 3 27
91 40 24
91 41 26
91 42 22
91 43 24
91 44 24
91 45 26
91 46 17
91 47 22
91 48 22
91 49 23
91 4 29
91 50 22
91 51 18
91 52 19
91 53 23
91 54 24
91 55 20
91 56 31
91 57 24
91 58 24
91 59 25
91 5 25
91 60 25
91 61 26
91 62 26
91 63 28
91 64 21
91 65 20
91 66 29
91 67 27
91 68 27
91 69 18
91 6 23
91 70 22
91 71 30
91 72 24
91 73 29
91 74 19
91 75 27
91 76 25
91 77 20
91 78 22
91 79 28
91 7 27
91 80 28
91 81 19
91 82 29
91 83 25
91 84 23
91 85 27
91 86 27
91 87 19
91 88 27
91 89 24
91 8 18
91 90 21
91 91 24
91 92 31
91 93 21
91 94 25
91 95 27
91 96 21
91 97 30
91 98 28
91 99 21
91 9 28
92 0 14
92 10 23
92 11 23
92 12 25
92 13 34
92 14 25
92 15 19
92 16 23
92 17 27
92 18 24
92 19 28
92 1 25
92 20 22
92 21 23
92 22 22
92 23 22
92 24 21
92 25 25
92 26 18
92 27 27
92 28 27
92 29 28
92 2 23
92 30 24
92 31 25
92 32 24
92 33 21
92 34 16
92 35 18
92 36 32
92 37 24
92 38 25
92 39 26
92 3 23
92 40 19
92 41 23
92 42 25
92 43 20
92 44 20
92 45 25
92 46 13
92 47 27
92 48 18
92 49 22
92 4 21
92 50 24
92 51 17
92 52 17
92 53 22
92 54 21
92 55 27
92 56 28
92 57 22
92 58 29
92 59 29
92 5 24
92 60 26
92 61 22
92 62 22
92 63 25
92 64 22
92 65 21
92 66 25
92 67 29
92 68 30
92 69 22
92 6 24
92 70 24
92 71 29
92 72 24
92 73 27
92 74 18
92 75 23
92 76 21
92 77 18
92 78 20
92 79 23
92 7 23
92 80 23
92 81 24
92 82 23
92 83 22
92 84 23
92 85 25
92 86 30
92 87 18
92 88 23
92 89 20
92 8 22
92 90 22
92 91 25
92 92 27
92 93 19
92 94 23
92 95 29
92 96 20
92 97 24
92 98 26
92 99 24
92 9 25
93 0 23
93 10 25
93 11 32
93 12 32
93 13 33
93 14 29
93 15 32
93 16 29
93 17 26
93 18 29
93 19 35
93 1 28
93 20 24
93 21 27
93 22 26
93 23 30
93 24 26
93 25 25
93 26 21
93 27 31
93 28 33
93 29 35
93 2 26
93 30 22
93 31 35
93 32 24
93 33 27
93 34 23
93 35 23
93 36 35
93 37 34
93 38 29
93 39 30
93 3 30
93 40 27
93 41 25
93 42 28
93 43 30
93 44 24
93 45 31
93 46 25
93 47 28
93 48 28
93 49 28
93 4 33
93 50 24
93 51 30
93 52 23
93 53 22
93 54 25
93 55 27
93 56 32
93 57 24
93 58 30
93 59 29
93 5 25
93 60 31
93 61 25
93 62 27
93 63 28
93 64 29
93 65 31
93 66 30
93 67 31
93 68 30
93 69 26
93 6 27
93 70 28
93 71 29
93 72 25
93 73 26
93 74 22
93 75 30
93 76 25
93 77 23
93 78 28
93 79 24
93 7 31
93 80 34
93 81 24
93 82 30
93 83 26
93 84 24
93 85 24
93 86 31
93 87 20
93 88 28
93 89 31
93 8 21
93 90 24
93 91 33
93 92 32
93 93 22
93 94 30
93 95 38
93 96 27
93 97 30
93 98 32
93 99 22
93 9 28
94 0 28
94 10 24
94 11 31
94 12 24
94 13 32
94 14 27
94 15 26
94 16 31
94 17 28
94 18 28
94 19 29
94 1 24
94 20 24
94 21 27
94 22 27
94 23 24
94 24 26
94 25 23
94 26 24
94 27 32
94 28 31
94 29 28
94 2 28
94 30 24
94 31 30
94 32 24
94 33 27
94 34 19
94 35 23
94 36 29
94 37 31
94 38 29
94 39 28
94 3 28
94 40 24
94 41 22
94 42 23
94 43 25
94 44 24
94 45 30
94 46 20
94 47 28
94 48 20
94 49 29
94 4 28
94 50 24
94 51 29
94 52 23
94 53 29
94 54 24
94 55 27
94 56 28
94 57 28
94 58 27
94 59 25
94 5 26
94 60 24
94 61 27
94 62 34
94 63 23
94 64 24
94 65 27
94 66 31
94 67 27
94 68 35
94 69 24
94 6 30
94 70 21
94 71 30
94 72 25
94 73 30
94 74 19
94 75 26
94 76 26
94 77 25
94 78 23
94 79 24
94 7 27
94 80 31
94 81 25
94 82 30
94 83 28
94 84 24
94 85 23
94 86 31
94 87 14
94 88 28
94 89 31
94 8 21
94 90 25
94 91 23
94 92 32
94 93 24
94 94 27
94 95 30
94 96 25
94 97 27
94 98 31
94 99 18
94 9 27
95 0 22
95 10 22
95 11 32
95 12 28
95 13 31
95 14 28
95 15 28
95 16 33
95 17 31
95 18 28
95 19 26
95 1 24
95 20 24
95 21 23
95 22 18
95 23 26
95 24 28
95 25 27
95 26 24
95 27 33
95 28 30
95 29 31
95 2 33
95 30 26
95 31 32
95 32 27
95 33 25
95 34 18
95 35 19
95 36 31
95 37 29
95 38 25
95 39 29
95 3 29
95 40 26
95 41 27
95 42 26
95 43 29
95 44 26
95 45 27
95 46 22
95 47 27
95 48 23
95 49 26
95 4 31
95 50 25
95 51 26
95 52 18
95 53 24
95 54 29
95 55 27
95 56 32
95 57 30
95 58 33
95 59 31
95 5 29
95 60 26
95 61 30
95 62 33
95 63 26
95 64 27
95 65 28
95 66 28
95 67 30
95 68 31
95 69 24
95 6 24
95 70 22
95 71 26
95 72 29
95 73 28
95 74 17
95 75 25
95 76 29
95 77 22
95 78 27
95 79 26
95 7 25
95 80 31
95 81 25
95 82 31
95 83 29
95 84 23
95 85 31
95 86 34
95 87 17
95 88 25
95 89 27
95 8 24
95 90 24
95 91 32
95 92 36
95 93 24
95 94 23
95 95 32
95 96 27
95 97 30
95 98 31
95 99 26
95 9 24
96 0 21
96 10 24
96 11 32
96 12 30
96 13 31
96 14 30
96 15 27
96 16 26
96 17 27
96 18 29
96 19 33
96 1 23
96 20 21
96 21 27
96 22 26
96 23 29
96 24 33
96 25 23
96 26 20
96 27 31
96 28 35
96 29 34
96 2 27
96 30 23
96 31 35
96 32 24
96 33 32
96 34 19
96 35 26
96 36 32
96 37 38
96 38 31
96 39 21
96 3 28
96 40 27
96 41 24
96 42 24
96 43 29
96 44 25
96 45 28
96 46 18
96 47 27
96 48 21
96 49 28
96 4 30
96 50 26
96 51 20
96 52 23
96 53 26
96 54 22
96 55 24
96 56 33
96 57 28
96 58 26
96 59 31
96 5 20
96 60 27
96 61 24
96 62 26
96 63 27
96 64 27
96 65 24
96 66 32
96 67 30
96 68 33
96 69 22
96 6 30
96 70 26
96 71 28
96 72 28
96 73 28
96 74 20
96 75 27
96 76 25
96 77 23
96 78 25
96 79 28
96 7 27
96 80 31
96 81 24
96 82 26
96 83 26
96 84 18
96 85 27
96 86 30
96 87 20
96 88 26
96 89 30
96 8 21
96 90 21
96 91 26
96 92 32
96 93 26
96 94 32
96 95 34
96 96 21
96 97 32
96 98 25
96 99 21
96 9 27
97 0 21
97 10 24
97 11 26
97 12 29
97 13 25
97 14 20
97 15 25
97 16 30
97 17 32
97 18 26
97 19 23
97 1 25
97 20 20
97 21 21
97 22 27
97 23 22
97 24 21
97 25 23
97 26 19
97 27 29
97 28 29
97 29 25
97 2 25
97 30 24
97 31 31
97 32 22
97 33 24
97 34 18
97 35 23
97 36 30
97 37 28
97 38 18
97 39 28
97 3 27
97 40 24
97 41 25
97 42 26
97 43 27
97 44 20
97 45 33
97 46 20
97 47 25
97 48 14
97 49 27
97 4 28
97 50 21
97 51 28
97 52 19
97 53 20
97 54 24
97 55 25
97 56 30
97 57 26
97 58 29
97 59 30
97 5 26
97 60 24
97 61 23
97 62 26
97 63 22
97 64 32
97 65 30
97 66 28
97 67 30
97 68 30
97 69 22
97 6 23
97 70 22
97 71 21
97 72 29
97 73 27
97 74 19
97 75 22
97 76 26
97 77 21
97 78 25
97 79 23
97 7 26
97 80 28
97 81 24
97 82 26
97 83 26
97 84 24
97 85 27
97 86 29
97 87 16
97 88 29
97 89 20
97 8 20
97 90 27
97 91 30
97 92 29
97 93 22
97 94 22
97 95 30
97 96 22
97 97 26
97 98 27
97 99 23
97 9 22
98 0 15
98 10 22
98 11 25
98 12 27
98 13 25
98 14 25
98 15 20
98 16 22
98 17 24
98 18 25
98 19 27
98 1 19
98 20 17
98 21 21
98 22 21
98 23 21
98 24 23
98 25 27
98 26 22
98 27 23
98 28 31
98 29 29
98 2 23
98 30 26
98 31 25
98 32 23
98 33 26
98 34 15
98 35 24
98 36 33
98 37 21
98 38 25
98 39 21
98 3 26
98 40 28
98 41 20
98 42 23
98 43 20
98 44 18
98 45 26
98 46 16
98 47 28
98 48 19
98 49 24
98 4 28
98 50 20
98 51 18
98 52 19
98 53 23
98 54 25
98 55 20
98 56 28
98 57 16
98 58 24
98 59 27
98 5 25
98 60 24
98 61 23
98 62 19
98 63 27
98 64 21
98 65 17
98 66 26
98 67 23
98 68 28
98 69 21
98 6 24
98 70 22
98 71 26
98 72 22
98 73 24
98 74 20
98 75 24
98 76 20
98 77 20
98 78 16
98 79 22
98 7 22
98 80 24
98 81 15
98 82 25
98 83 19
98 84 22
98 85 27
98 86 25
98 87 17
98 88 22
98 89 22
98 8 14
98 90 25
98 91 24
98 92 27
98 93 23
98 94 28
98 95 26
98 96 22
98 97 19
98 98 29
98 99 24
98 9 23
99 0 23
99 10 24
99 11 33
99 12 31
99 13 34
99 14 24
99 15 26
99 16 28
99 17 28
99 18 29
99 19 28
99 1 23
99 20 18
99 21 25
99 22 23
99 23 23
99 24 29
99 25 19
99 26 21
99 27 30
99 28 30
99 29 32
99 2 24
99 30 28
99 31 34
99 32 21
99 33 26
99 34 22
99 35 19
99 36 33
99 37 27
99 38 24
99 39 27
99 3 30
99 40 22
99 41 27
99 42 33
99 43 30
99 44 20
99 45 27
99 46 21
99 47 28
99 48 23
99 49 25
99 4 32
99 50 27
99 51 22
99 52 24
99 53 16
99 54 21
99 55 30
99 56 34
99 57 26
99 58 25
99 59 30
99 5 28
99 60 25
99 61 27
99 62 28
99 63 29
99 64 22
99 65 27
99 66 34
99 67 32
99 68 29
99 69 27
99 6 24
99 70 29
99 71 24
99 72 33
99 73 23
99 74 22
99 75 26
99 76 26
99 77 20
99 78 23
99 79 34
99 7 26
99 80 28
99 81 25
99 82 27
99 83 23
99 84 25
99 85 26
99 86 29
99 87 20
99 88 25
99 89 25
99 8 23
99 90 25
99 91 26
99 92 32
99 93 20
99 94 30
99 95 28
99 96 20
99 97 28
99 98 22
99 99 21
99 9 23
