100 100
0 0 3 
0 2 4 
0 4 5 
0 5 3 
0 6 3 
0 7 2 
0 8 5 
0 9 3 
0 10 5 
0 11 5 
0 13 5 
0 14 5 
0 15 5 
0 17 5 
0 19 2 
0 20 5 
0 21 4 
0 22 1 
0 24 5 
0 25 4 
0 26 3 
0 28 2 
0 29 5 
0 30 2 
0 33 1 
0 35 5 
0 36 4 
0 37 3 
0 38 1 
0 39 4 
0 40 1 
0 41 1 
0 42 3 
0 43 2 
0 45 2 
0 46 1 
0 47 1 
0 48 2 
0 49 1 
0 50 4 
0 51 1 
0 53 5 
0 54 1 
0 56 3 
0 57 5 
0 60 4 
0 61 3 
0 63 4 
0 64 4 
0 66 3 
0 67 3 
0 68 4 
0 69 5 
0 70 1 
0 71 5 
0 73 5 
0 74 2 
0 75 1 
0 76 2 
0 77 3 
0 78 3 
0 79 4 
0 80 5 
0 81 1 
0 82 5 
0 83 5 
0 85 1 
0 86 5 
0 87 3 
0 88 1 
0 90 4 
0 91 5 
0 92 3 
0 93 5 
0 94 4 
0 95 2 
0 97 1 
0 99 4 
1 0 1 
1 1 2 
1 2 4 
1 3 2 
1 4 1 
1 6 3 
1 7 3 
1 8 4 
1 9 1 
1 10 2 
1 11 3 
1 12 2 
1 13 1 
1 14 2 
1 15 3 
1 16 3 
1 17 2 
1 19 5 
1 20 2 
1 21 5 
1 22 4 
1 24 4 
1 25 2 
1 26 2 
1 27 4 
1 28 4 
1 29 3 
1 30 3 
1 32 5 
1 33 1 
1 34 2 
1 35 1 
1 36 2 
1 38 4 
1 40 1 
1 41 1 
1 42 3 
1 43 4 
1 44 2 
1 46 1 
1 48 3 
1 49 2 
1 50 5 
1 52 1 
1 53 4 
1 54 1 
1 56 1 
1 57 3 
1 58 4 
1 59 5 
1 60 1 
1 61 1 
1 64 3 
1 65 2 
1 66 1 
1 67 5 
1 68 2 
1 71 4 
1 72 1 
1 73 4 
1 74 2 
1 75 4 
1 76 5 
1 77 4 
1 78 5 
1 79 3 
1 81 5 
1 82 3 
1 83 2 
1 84 3 
1 85 4 
1 86 2 
1 87 5 
1 88 2 
1 90 5 
1 91 3 
1 92 2 
1 93 5 
1 94 4 
1 95 5 
1 96 1 
1 98 5 
1 99 4 
2 0 1 
2 2 3 
2 3 3 
2 4 4 
2 5 5 
2 6 2 
2 7 4 
2 8 4 
2 9 1 
2 10 1 
2 11 4 
2 12 1 
2 13 4 
2 15 5 
2 16 3 
2 17 2 
2 18 4 
2 20 3 
2 21 3 
2 22 3 
2 23 5 
2 24 2 
2 25 2 
2 26 5 
2 27 4 
2 28 3 
2 29 4 
2 30 2 
2 31 4 
2 32 5 
2 33 5 
2 34 2 
2 35 3 
2 36 5 
2 37 4 
2 38 2 
2 39 3 
2 41 3 
2 42 2 
2 43 1 
2 44 2 
2 45 2 
2 46 1 
2 47 5 
2 48 5 
2 49 5 
2 50 5 
2 51 2 
2 52 3 
2 53 3 
2 54 1 
2 58 4 
2 59 3 
2 60 5 
2 62 2 
2 63 4 
2 65 4 
2 66 2 
2 68 3 
2 69 4 
2 70 4 
2 71 3 
2 72 2 
2 74 5 
2 75 4 
2 76 3 
2 77 1 
2 78 4 
2 79 2 
2 80 1 
2 81 4 
2 82 4 
2 83 4 
2 84 2 
2 86 4 
2 87 3 
2 88 1 
2 89 2 
2 91 1 
2 92 3 
2 93 3 
2 94 5 
2 95 4 
2 96 2 
2 97 2 
2 98 4 
2 99 5 
3 0 1 
3 1 2 
3 2 3 
3 3 3 
3 4 2 
3 5 2 
3 6 2 
3 7 5 
3 8 3 
3 9 1 
3 10 2 
3 11 5 
3 12 5 
3 13 1 
3 14 3 
3 15 2 
3 16 1 
3 17 2 
3 18 5 
3 19 2 
3 20 4 
3 22 4 
3 23 2 
3 24 3 
3 25 3 
3 27 5 
3 29 4 
3 30 4 
3 31 1 
3 32 1 
3 33 1 
3 34 5 
3 35 4 
3 36 4 
3 37 1 
3 38 4 
3 39 2 
3 40 2 
3 42 1 
3 43 2 
3 44 1 
3 45 5 
3 46 4 
3 47 3 
3 48 1 
3 49 3 
3 50 5 
3 51 5 
3 52 4 
3 53 4 
3 54 2 
3 55 1 
3 56 1 
3 57 2 
3 59 2 
3 60 1 
3 61 5 
3 62 3 
3 63 2 
3 64 1 
3 65 3 
3 66 1 
3 68 4 
3 69 5 
3 70 2 
3 71 1 
3 72 5 
3 73 4 
3 74 3 
3 75 1 
3 76 3 
3 77 2 
3 78 4 
3 79 4 
3 81 4 
3 82 4 
3 83 4 
3 84 2 
3 86 5 
3 87 4 
3 88 3 
3 91 4 
3 93 4 
3 94 1 
3 95 1 
3 96 1 
3 97 2 
3 98 1 
3 99 5 
4 0 1 
4 1 4 
4 2 1 
4 3 1 
4 4 2 
4 5 4 
4 6 2 
4 8 1 
4 9 1 
4 10 4 
4 11 1 
4 12 5 
4 13 3 
4 14 5 
4 15 1 
4 16 4 
4 17 5 
4 18 5 
4 19 2 
4 24 4 
4 25 2 
4 26 1 
4 27 5 
4 28 5 
4 29 2 
4 30 5 
4 31 1 
4 32 1 
4 34 3 
4 35 3 
4 36 5 
4 38 3 
4 40 1 
4 41 2 
4 42 2 
4 45 2 
4 46 2 
4 47 4 
4 48 1 
4 49 1 
4 51 1 
4 52 1 
4 53 1 
4 54 1 
4 55 5 
4 56 4 
4 57 3 
4 58 5 
4 59 4 
4 61 4 
4 62 5 
4 63 1 
4 64 5 
4 65 2 
4 66 5 
4 67 5 
4 68 2 
4 69 2 
4 71 4 
4 72 5 
4 73 2 
4 74 4 
4 75 5 
4 76 4 
4 78 4 
4 80 2 
4 81 5 
4 82 1 
4 83 4 
4 84 1 
4 85 3 
4 86 3 
4 87 5 
4 89 3 
4 90 4 
4 91 1 
4 92 2 
4 93 3 
4 94 2 
4 95 1 
4 97 1 
4 99 3 
5 0 4 
5 2 1 
5 3 4 
5 4 3 
5 6 4 
5 7 1 
5 9 2 
5 10 2 
5 11 3 
5 12 2 
5 13 3 
5 14 1 
5 15 3 
5 16 1 
5 17 5 
5 18 3 
5 19 2 
5 20 2 
5 21 1 
5 22 3 
5 23 4 
5 24 5 
5 27 5 
5 28 2 
5 29 1 
5 30 2 
5 32 2 
5 33 4 
5 34 4 
5 35 5 
5 36 4 
5 37 3 
5 38 1 
5 39 5 
5 40 5 
5 41 3 
5 42 2 
5 43 1 
5 44 1 
5 45 3 
5 46 5 
5 47 3 
5 48 2 
5 49 3 
5 51 4 
5 52 4 
5 53 4 
5 54 3 
5 55 3 
5 56 4 
5 57 4 
5 58 3 
5 60 5 
5 61 5 
5 62 1 
5 63 2 
5 64 4 
5 66 2 
5 67 2 
5 68 3 
5 69 4 
5 70 1 
5 71 3 
5 72 1 
5 73 4 
5 74 5 
5 75 3 
5 76 1 
5 77 4 
5 78 1 
5 79 3 
5 80 1 
5 81 1 
5 82 2 
5 84 5 
5 86 3 
5 87 4 
5 88 4 
5 89 1 
5 90 5 
5 91 4 
5 92 1 
5 94 1 
5 95 5 
5 96 1 
5 97 3 
5 98 2 
5 99 4 
6 0 1 
6 1 3 
6 2 2 
6 3 3 
6 4 1 
6 5 1 
6 6 1 
6 7 3 
6 9 2 
6 10 1 
6 11 2 
6 12 3 
6 13 3 
6 14 3 
6 15 3 
6 16 4 
6 17 1 
6 18 1 
6 19 3 
6 20 2 
6 22 1 
6 23 3 
6 24 1 
6 25 2 
6 26 2 
6 27 2 
6 29 4 
6 30 1 
6 31 1 
6 32 2 
6 33 4 
6 34 4 
6 35 4 
6 37 5 
6 38 1 
6 40 2 
6 41 2 
6 42 3 
6 46 3 
6 47 5 
6 48 1 
6 49 5 
6 50 2 
6 51 4 
6 53 4 
6 54 1 
6 55 1 
6 56 1 
6 57 3 
6 58 4 
6 59 1 
6 60 2 
6 62 3 
6 63 5 
6 64 4 
6 65 1 
6 66 3 
6 67 4 
6 68 1 
6 69 5 
6 70 5 
6 71 3 
6 72 2 
6 73 3 
6 74 4 
6 75 2 
6 76 4 
6 77 1 
6 78 2 
6 80 1 
6 81 4 
6 82 4 
6 83 1 
6 84 2 
6 85 5 
6 86 3 
6 87 4 
6 88 3 
6 89 1 
6 90 5 
6 92 2 
6 93 2 
6 94 5 
6 95 1 
6 96 4 
6 97 2 
7 0 1 
7 1 5 
7 2 4 
7 3 3 
7 4 3 
7 5 2 
7 7 1 
7 8 4 
7 9 2 
7 10 1 
7 11 5 
7 12 1 
7 15 4 
7 16 5 
7 17 3 
7 18 2 
7 19 3 
7 20 5 
7 21 2 
7 22 3 
7 23 1 
7 24 5 
7 25 3 
7 26 2 
7 27 4 
7 29 2 
7 30 4 
7 31 1 
7 32 2 
7 33 3 
7 34 5 
7 36 5 
7 38 1 
7 39 3 
7 40 3 
7 41 3 
7 42 3 
7 43 5 
7 44 3 
7 45 3 
7 46 3 
7 47 3 
7 48 1 
7 50 1 
7 52 3 
7 53 5 
7 54 2 
7 55 2 
7 56 2 
7 57 5 
7 59 2 
7 60 2 
7 61 5 
7 62 4 
7 63 4 
7 64 2 
7 65 4 
7 66 4 
7 67 1 
7 68 4 
7 70 5 
7 71 2 
7 72 4 
7 73 2 
7 74 1 
7 75 1 
7 77 5 
7 78 5 
7 79 1 
7 82 2 
7 83 3 
7 84 5 
7 85 5 
7 86 5 
7 87 2 
7 88 4 
7 90 4 
7 92 5 
7 93 2 
7 94 5 
7 95 1 
7 97 4 
7 98 3 
7 99 5 
8 0 4 
8 1 2 
8 2 2 
8 3 3 
8 4 5 
8 5 4 
8 6 5 
8 8 3 
8 9 4 
8 10 2 
8 11 4 
8 12 5 
8 13 4 
8 14 1 
8 15 4 
8 16 3 
8 17 1 
8 19 2 
8 20 1 
8 21 5 
8 22 2 
8 23 1 
8 24 1 
8 25 1 
8 26 3 
8 27 2 
8 28 5 
8 30 2 
8 31 4 
8 32 3 
8 33 4 
8 34 1 
8 35 2 
8 36 3 
8 38 2 
8 39 1 
8 40 5 
8 41 5 
8 42 5 
8 43 4 
8 44 3 
8 46 3 
8 47 1 
8 48 2 
8 49 3 
8 50 3 
8 51 4 
8 52 2 
8 54 5 
8 55 4 
8 56 2 
8 57 2 
8 58 1 
8 59 1 
8 60 3 
8 61 3 
8 64 2 
8 65 2 
8 66 3 
8 67 5 
8 68 3 
8 70 1 
8 71 2 
8 72 5 
8 74 1 
8 75 2 
8 76 1 
8 77 4 
8 78 4 
8 79 4 
8 80 2 
8 81 2 
8 82 2 
8 83 5 
8 84 2 
8 85 2 
8 86 4 
8 87 4 
8 88 4 
8 89 5 
8 91 1 
8 92 3 
8 93 1 
8 94 2 
8 96 4 
8 97 5 
8 99 1 
9 0 5 
9 1 1 
9 2 4 
9 3 4 
9 4 2 
9 6 1 
9 7 3 
9 8 4 
9 10 1 
9 11 1 
9 12 3 
9 13 3 
9 15 5 
9 16 5 
9 17 5 
9 18 4 
9 19 4 
9 20 4 
9 21 5 
9 23 2 
9 24 1 
9 25 3 
9 26 2 
9 27 5 
9 28 2 
9 29 2 
9 31 2 
9 32 4 
9 33 5 
9 34 1 
9 36 5 
9 37 3 
9 38 3 
9 39 4 
9 40 3 
9 41 5 
9 42 5 
9 44 3 
9 47 3 
9 48 5 
9 49 5 
9 50 2 
9 51 4 
9 52 4 
9 53 2 
9 55 5 
9 57 3 
9 58 5 
9 59 2 
9 62 4 
9 63 4 
9 64 5 
9 66 5 
9 67 5 
9 68 3 
9 69 3 
9 70 4 
9 71 1 
9 72 2 
9 73 3 
9 74 2 
9 76 4 
9 77 3 
9 78 3 
9 79 4 
9 80 2 
9 81 5 
9 82 2 
9 83 1 
9 84 2 
9 85 3 
9 86 1 
9 87 2 
9 90 5 
9 91 1 
9 93 4 
9 94 5 
9 96 4 
9 97 4 
9 98 5 
9 99 2 
10 0 1 
10 1 3 
10 2 3 
10 3 4 
10 4 1 
10 6 4 
10 8 3 
10 9 2 
10 10 4 
10 12 2 
10 14 1 
10 15 5 
10 16 4 
10 17 3 
10 18 1 
10 19 4 
10 20 3 
10 21 1 
10 22 5 
10 23 4 
10 24 5 
10 25 5 
10 26 4 
10 27 4 
10 28 4 
10 29 4 
10 32 2 
10 33 4 
10 34 5 
10 35 3 
10 36 4 
10 37 4 
10 38 4 
10 39 2 
10 41 2 
10 42 2 
10 43 2 
10 44 3 
10 45 4 
10 46 1 
10 47 1 
10 48 1 
10 49 3 
10 51 4 
10 52 4 
10 54 2 
10 55 4 
10 57 1 
10 58 2 
10 59 4 
10 60 5 
10 61 3 
10 62 5 
10 63 1 
10 64 1 
10 65 4 
10 66 5 
10 68 2 
10 69 4 
10 70 2 
10 71 3 
10 73 5 
10 74 5 
10 75 4 
10 76 3 
10 77 1 
10 79 4 
10 80 4 
10 82 3 
10 83 3 
10 84 1 
10 85 5 
10 86 2 
10 87 1 
10 88 1 
10 89 4 
10 91 1 
10 92 2 
10 94 2 
10 95 3 
10 96 5 
10 97 2 
10 98 4 
10 99 1 
11 0 1 
11 1 1 
11 2 4 
11 3 1 
11 5 4 
11 6 5 
11 7 3 
11 8 5 
11 10 2 
11 11 4 
11 13 5 
11 14 2 
11 15 2 
11 16 5 
11 17 4 
11 18 4 
11 20 3 
11 21 5 
11 22 1 
11 23 5 
11 24 5 
11 25 4 
11 26 3 
11 27 4 
11 28 1 
11 29 1 
11 31 2 
11 32 2 
11 33 4 
11 34 4 
11 35 3 
11 36 3 
11 37 4 
11 38 1 
11 39 3 
11 40 4 
11 41 3 
11 42 2 
11 43 5 
11 44 3 
11 45 4 
11 46 1 
11 47 2 
11 48 3 
11 49 5 
11 50 3 
11 52 5 
11 53 5 
11 55 4 
11 56 4 
11 57 3 
11 58 3 
11 60 5 
11 61 3 
11 62 3 
11 63 1 
11 64 2 
11 65 1 
11 66 5 
11 67 5 
11 70 3 
11 71 5 
11 72 4 
11 73 5 
11 74 4 
11 75 2 
11 76 3 
11 78 5 
11 79 1 
11 81 2 
11 82 1 
11 83 5 
11 84 2 
11 85 1 
11 86 3 
11 87 1 
11 88 5 
11 90 1 
11 91 4 
11 92 3 
11 93 5 
11 96 1 
11 97 5 
11 98 5 
11 99 1 
12 1 2 
12 3 5 
12 4 2 
12 5 5 
12 6 1 
12 8 5 
12 10 1 
12 11 5 
12 12 2 
12 13 3 
12 14 4 
12 15 5 
12 16 4 
12 17 1 
12 19 4 
12 20 2 
12 21 2 
12 22 2 
12 24 1 
12 25 2 
12 27 2 
12 28 1 
12 30 4 
12 31 2 
12 32 3 
12 33 5 
12 34 1 
12 35 5 
12 36 4 
12 37 2 
12 39 3 
12 40 2 
12 41 1 
12 42 2 
12 43 5 
12 44 4 
12 46 4 
12 47 3 
12 48 2 
12 49 5 
12 50 1 
12 51 5 
12 52 2 
12 53 3 
12 55 4 
12 59 2 
12 60 1 
12 61 5 
12 62 4 
12 63 5 
12 64 4 
12 65 5 
12 66 5 
12 67 2 
12 68 2 
12 69 5 
12 71 4 
12 72 1 
12 73 2 
12 74 3 
12 75 5 
12 76 3 
12 77 2 
12 78 3 
12 80 2 
12 81 5 
12 82 5 
12 83 4 
12 84 3 
12 85 5 
12 86 2 
12 87 3 
12 89 3 
12 90 5 
12 91 2 
12 92 2 
12 93 4 
12 94 1 
12 95 1 
12 96 4 
12 97 1 
12 98 4 
13 1 4 
13 2 4 
13 3 2 
13 4 1 
13 5 2 
13 6 1 
13 7 4 
13 8 5 
13 9 5 
13 10 4 
13 11 1 
13 12 4 
13 13 4 
13 14 5 
13 15 1 
13 16 3 
13 17 2 
13 18 4 
13 19 4 
13 20 5 
13 21 4 
13 22 1 
13 23 2 
13 24 2 
13 25 3 
13 26 4 
13 28 4 
13 29 2 
13 30 1 
13 31 5 
13 32 1 
13 34 1 
13 35 2 
13 36 2 
13 37 3 
13 38 1 
13 39 2 
13 40 2 
13 41 5 
13 42 3 
13 44 4 
13 45 3 
13 46 1 
13 47 2 
13 52 4 
13 53 2 
13 54 3 
13 55 1 
13 56 5 
13 57 1 
13 58 2 
13 59 3 
13 60 4 
13 61 3 
13 62 2 
13 64 3 
13 65 3 
13 66 2 
13 68 1 
13 69 4 
13 70 2 
13 71 3 
13 72 4 
13 74 3 
13 75 2 
13 76 4 
13 77 5 
13 78 4 
13 79 4 
13 80 5 
13 81 5 
13 82 4 
13 83 3 
13 84 1 
13 85 1 
13 86 5 
13 88 3 
13 89 1 
13 90 3 
13 91 1 
13 92 4 
13 94 2 
13 95 2 
13 96 4 
13 97 4 
13 98 3 
13 99 5 
14 0 3 
14 1 5 
14 2 2 
14 3 1 
14 6 3 
14 7 4 
14 8 5 
14 9 2 
14 10 2 
14 11 4 
14 12 1 
14 13 1 
14 14 2 
14 15 3 
14 16 2 
14 17 1 
14 18 3 
14 19 5 
14 20 3 
14 21 1 
14 22 1 
14 23 2 
14 24 2 
14 25 3 
14 26 4 
14 28 2 
14 29 1 
14 31 5 
14 32 1 
14 33 3 
14 34 1 
14 35 1 
14 36 3 
14 37 4 
14 39 3 
14 41 2 
14 42 1 
14 43 2 
14 44 3 
14 45 4 
14 46 5 
14 49 3 
14 51 3 
14 52 4 
14 53 2 
14 54 5 
14 55 1 
14 57 4 
14 58 2 
14 59 2 
14 61 2 
14 62 2 
14 63 1 
14 65 3 
14 66 3 
14 67 3 
14 68 2 
14 69 3 
14 70 1 
14 71 2 
14 73 3 
14 74 5 
14 75 4 
14 76 1 
14 77 4 
14 78 4 
14 79 1 
14 80 2 
14 81 5 
14 82 5 
14 84 1 
14 85 4 
14 86 2 
14 87 1 
14 88 2 
14 89 4 
14 90 4 
14 91 3 
14 93 1 
14 94 4 
14 95 1 
14 96 4 
14 97 2 
14 98 5 
15 0 5 
15 2 3 
15 3 5 
15 4 3 
15 5 2 
15 6 4 
15 7 4 
15 8 1 
15 9 3 
15 11 3 
15 12 2 
15 13 5 
15 14 4 
15 15 4 
15 16 4 
15 19 1 
15 20 5 
15 21 4 
15 22 4 
15 24 5 
15 25 3 
15 26 1 
15 27 4 
15 28 5 
15 30 5 
15 31 4 
15 33 3 
15 34 4 
15 35 3 
15 36 5 
15 37 2 
15 38 2 
15 39 1 
15 41 3 
15 42 5 
15 43 2 
15 44 3 
15 45 4 
15 46 1 
15 47 2 
15 48 5 
15 49 1 
15 50 3 
15 51 4 
15 53 2 
15 54 4 
15 56 5 
15 57 5 
15 58 4 
15 59 4 
15 60 5 
15 61 3 
15 62 3 
15 65 2 
15 66 4 
15 68 5 
15 69 1 
15 70 2 
15 71 5 
15 72 4 
15 73 2 
15 74 1 
15 75 2 
15 77 2 
15 78 4 
15 79 5 
15 80 4 
15 81 1 
15 82 4 
15 83 4 
15 84 3 
15 85 2 
15 86 4 
15 87 3 
15 88 1 
15 89 2 
15 90 1 
15 91 1 
15 93 5 
15 94 1 
15 95 1 
15 96 1 
15 97 5 
15 98 2 
16 1 5 
16 2 5 
16 3 5 
16 4 1 
16 5 1 
16 6 1 
16 7 2 
16 8 4 
16 9 5 
16 10 2 
16 11 2 
16 12 1 
16 15 5 
16 16 2 
16 17 4 
16 18 2 
16 19 4 
16 20 1 
16 21 4 
16 22 5 
16 23 1 
16 24 3 
16 25 1 
16 26 3 
16 27 4 
16 28 1 
16 30 5 
16 31 1 
16 32 5 
16 33 4 
16 34 1 
16 35 1 
16 37 2 
16 38 3 
16 39 4 
16 40 2 
16 43 3 
16 45 1 
16 46 2 
16 47 3 
16 48 5 
16 49 4 
16 50 1 
16 51 1 
16 52 3 
16 53 1 
16 54 2 
16 56 3 
16 58 4 
16 59 4 
16 61 3 
16 64 2 
16 65 1 
16 66 1 
16 67 2 
16 68 3 
16 69 4 
16 70 1 
16 71 5 
16 72 4 
16 73 2 
16 74 2 
16 75 5 
16 76 3 
16 77 5 
16 78 2 
16 79 3 
16 80 4 
16 81 4 
16 82 4 
16 83 1 
16 85 1 
16 86 1 
16 87 3 
16 88 1 
16 90 2 
16 91 2 
16 92 4 
16 93 2 
16 94 2 
16 95 1 
16 96 3 
16 97 3 
16 98 4 
17 0 2 
17 1 5 
17 3 1 
17 4 1 
17 5 3 
17 7 5 
17 8 2 
17 9 3 
17 10 2 
17 11 1 
17 12 2 
17 14 2 
17 15 2 
17 16 1 
17 17 4 
17 19 3 
17 20 5 
17 21 2 
17 22 5 
17 23 4 
17 24 4 
17 25 1 
17 26 5 
17 27 2 
17 28 5 
17 29 3 
17 30 2 
17 31 1 
17 32 3 
17 33 3 
17 34 2 
17 35 5 
17 37 3 
17 38 4 
17 39 3 
17 42 4 
17 43 2 
17 44 1 
17 45 1 
17 46 5 
17 47 2 
17 48 5 
17 49 5 
17 51 5 
17 52 2 
17 53 5 
17 54 3 
17 55 1 
17 56 1 
17 57 2 
17 58 3 
17 59 1 
17 62 2 
17 63 3 
17 64 4 
17 65 5 
17 66 2 
17 67 4 
17 68 2 
17 69 1 
17 70 1 
17 71 3 
17 72 1 
17 74 5 
17 75 3 
17 76 1 
17 77 5 
17 79 1 
17 80 5 
17 83 1 
17 85 3 
17 86 3 
17 87 2 
17 89 1 
17 90 3 
17 92 2 
17 94 4 
17 96 5 
17 97 1 
17 98 5 
17 99 1 
18 0 2 
18 1 1 
18 2 5 
18 3 4 
18 4 1 
18 5 4 
18 6 1 
18 7 2 
18 8 3 
18 9 1 
18 10 4 
18 11 2 
18 12 2 
18 13 4 
18 14 4 
18 15 2 
18 16 2 
18 17 2 
18 18 4 
18 19 2 
18 20 3 
18 21 2 
18 22 2 
18 23 5 
18 24 2 
18 27 1 
18 28 2 
18 29 5 
18 30 3 
18 31 4 
18 33 2 
18 34 3 
18 35 2 
18 36 1 
18 37 4 
18 38 4 
18 39 5 
18 41 3 
18 42 2 
18 43 2 
18 44 1 
18 46 5 
18 47 3 
18 48 2 
18 49 4 
18 53 2 
18 55 3 
18 56 3 
18 58 4 
18 59 5 
18 61 2 
18 62 4 
18 64 5 
18 65 1 
18 66 3 
18 67 1 
18 69 2 
18 72 5 
18 73 2 
18 74 3 
18 75 1 
18 76 3 
18 77 2 
18 78 5 
18 81 5 
18 83 1 
18 84 1 
18 85 1 
18 86 4 
18 87 5 
18 88 1 
18 89 3 
18 90 5 
18 91 2 
18 92 5 
18 93 4 
18 94 2 
18 95 5 
18 96 5 
18 98 1 
19 0 2 
19 1 1 
19 2 1 
19 3 1 
19 4 4 
19 5 4 
19 6 2 
19 7 2 
19 9 1 
19 10 2 
19 11 1 
19 13 3 
19 14 2 
19 15 2 
19 16 4 
19 17 1 
19 18 2 
19 20 4 
19 21 1 
19 22 2 
19 23 4 
19 25 5 
19 26 4 
19 28 5 
19 29 5 
19 31 1 
19 33 1 
19 34 2 
19 35 5 
19 37 5 
19 38 2 
19 39 1 
19 41 4 
19 42 2 
19 43 1 
19 44 2 
19 45 5 
19 46 3 
19 49 5 
19 50 1 
19 51 4 
19 52 1 
19 53 3 
19 54 3 
19 55 1 
19 56 2 
19 57 1 
19 58 2 
19 59 2 
19 61 2 
19 62 3 
19 63 1 
19 64 4 
19 67 4 
19 68 5 
19 69 2 
19 70 5 
19 71 5 
19 72 1 
19 73 1 
19 75 4 
19 76 1 
19 77 4 
19 78 4 
19 79 2 
19 80 4 
19 82 1 
19 84 3 
19 85 4 
19 86 2 
19 88 5 
19 89 4 
19 90 2 
19 91 5 
19 92 1 
19 93 5 
19 95 5 
19 96 5 
19 97 1 
19 98 3 
19 99 5 
20 0 4 
20 1 2 
20 2 4 
20 4 4 
20 5 5 
20 6 4 
20 7 5 
20 8 4 
20 9 3 
20 10 2 
20 11 3 
20 12 3 
20 13 3 
20 14 3 
20 15 1 
20 16 1 
20 17 5 
20 18 1 
20 20 4 
20 21 3 
20 23 5 
20 24 3 
20 25 1 
20 26 4 
20 27 2 
20 28 3 
20 29 2 
20 30 1 
20 31 2 
20 32 4 
20 34 2 
20 35 3 
20 37 1 
20 38 3 
20 39 5 
20 40 4 
20 41 5 
20 42 2 
20 43 2 
20 44 2 
20 45 5 
20 46 3 
20 47 3 
20 48 5 
20 49 4 
20 50 4 
20 51 4 
20 52 1 
20 53 5 
20 54 3 
20 55 5 
20 57 2 
20 58 1 
20 59 3 
20 60 4 
20 61 3 
20 63 3 
20 64 4 
20 65 2 
20 66 1 
20 67 5 
20 68 3 
20 69 4 
20 70 4 
20 71 2 
20 72 3 
20 74 4 
20 77 2 
20 78 4 
20 81 2 
20 82 4 
20 83 2 
20 84 1 
20 85 2 
20 86 1 
20 87 2 
20 88 5 
20 89 3 
20 91 4 
20 92 1 
20 94 1 
20 96 2 
20 97 3 
20 98 5 
21 0 1 
21 1 4 
21 2 3 
21 3 5 
21 4 5 
21 5 2 
21 6 5 
21 8 4 
21 9 3 
21 11 5 
21 13 5 
21 14 1 
21 15 1 
21 16 2 
21 17 3 
21 18 4 
21 19 1 
21 20 1 
21 21 4 
21 22 5 
21 23 2 
21 24 4 
21 25 1 
21 26 3 
21 27 1 
21 28 4 
21 29 2 
21 30 2 
21 31 5 
21 32 1 
21 33 5 
21 34 5 
21 36 2 
21 37 5 
21 39 1 
21 40 2 
21 41 1 
21 43 3 
21 45 2 
21 46 4 
21 47 2 
21 48 5 
21 49 2 
21 50 4 
21 52 1 
21 53 3 
21 54 3 
21 55 5 
21 56 4 
21 59 3 
21 60 3 
21 61 3 
21 62 3 
21 63 4 
21 64 3 
21 65 2 
21 66 4 
21 67 5 
21 68 1 
21 69 5 
21 71 4 
21 73 1 
21 74 1 
21 76 3 
21 78 3 
21 79 2 
21 80 3 
21 81 1 
21 82 3 
21 83 4 
21 84 5 
21 85 1 
21 86 4 
21 87 4 
21 88 1 
21 89 5 
21 90 1 
21 91 5 
21 92 2 
21 93 4 
21 94 4 
21 95 5 
21 96 1 
21 97 2 
21 98 5 
21 99 3 
22 0 2 
22 2 1 
22 3 2 
22 4 1 
22 5 3 
22 6 3 
22 7 4 
22 8 3 
22 9 1 
22 10 1 
22 11 1 
22 12 2 
22 13 5 
22 14 5 
22 15 2 
22 17 3 
22 19 2 
22 20 2 
22 21 1 
22 22 2 
22 23 5 
22 26 4 
22 27 2 
22 28 2 
22 29 4 
22 30 5 
22 31 5 
22 32 5 
22 33 1 
22 34 1 
22 36 4 
22 37 5 
22 38 5 
22 39 2 
22 41 1 
22 42 3 
22 43 3 
22 45 3 
22 46 5 
22 49 5 
22 50 3 
22 51 3 
22 52 1 
22 53 5 
22 54 2 
22 55 2 
22 56 5 
22 57 1 
22 58 4 
22 59 2 
22 61 4 
22 62 1 
22 63 5 
22 65 3 
22 67 5 
22 68 3 
22 69 5 
22 70 2 
22 71 3 
22 73 5 
22 74 1 
22 75 1 
22 76 3 
22 78 2 
22 79 3 
22 81 5 
22 82 1 
22 83 1 
22 84 5 
22 85 4 
22 86 4 
22 87 4 
22 89 3 
22 90 1 
22 92 2 
22 93 3 
22 95 2 
22 98 1 
22 99 3 
23 1 3 
23 2 1 
23 4 3 
23 5 2 
23 6 1 
23 8 3 
23 9 3 
23 10 4 
23 11 3 
23 12 3 
23 14 5 
23 15 2 
23 16 4 
23 17 3 
23 18 1 
23 19 5 
23 20 1 
23 21 2 
23 23 3 
23 24 5 
23 26 5 
23 29 1 
23 30 4 
23 32 5 
23 33 5 
23 34 1 
23 35 3 
23 36 2 
23 37 3 
23 38 3 
23 39 5 
23 40 1 
23 41 2 
23 42 2 
23 43 5 
23 44 2 
23 45 2 
23 46 1 
23 47 1 
23 49 2 
23 51 1 
23 52 5 
23 54 4 
23 55 4 
23 57 4 
23 58 4 
23 59 1 
23 60 5 
23 61 2 
23 62 2 
23 63 4 
23 64 2 
23 65 4 
23 66 1 
23 67 4 
23 68 2 
23 69 5 
23 70 3 
23 71 3 
23 72 1 
23 74 2 
23 75 4 
23 76 2 
23 77 4 
23 78 5 
23 79 2 
23 80 1 
23 82 4 
23 85 2 
23 86 5 
23 87 1 
23 89 4 
23 90 3 
23 91 5 
23 92 1 
23 94 4 
23 95 3 
23 96 5 
23 98 2 
23 99 1 
24 2 5 
24 3 2 
24 4 1 
24 5 2 
24 7 3 
24 11 1 
24 13 4 
24 14 2 
24 15 1 
24 16 1 
24 17 2 
24 18 3 
24 19 1 
24 21 1 
24 22 1 
24 23 1 
24 24 1 
24 26 5 
24 28 1 
24 29 2 
24 30 2 
24 31 1 
24 32 2 
24 33 1 
24 34 4 
24 35 3 
24 36 3 
24 37 4 
24 38 1 
24 39 3 
24 40 5 
24 41 2 
24 42 5 
24 44 1 
24 45 2 
24 46 2 
24 47 2 
24 48 4 
24 49 5 
24 50 3 
24 51 4 
24 52 1 
24 53 5 
24 55 2 
24 56 5 
24 58 3 
24 59 1 
24 60 2 
24 61 5 
24 62 2 
24 63 5 
24 64 1 
24 65 1 
24 66 3 
24 67 4 
24 69 4 
24 70 1 
24 71 5 
24 73 1 
24 75 2 
24 76 3 
24 77 2 
24 78 4 
24 79 2 
24 80 2 
24 81 2 
24 82 1 
24 83 3 
24 84 1 
24 85 2 
24 87 1 
24 88 2 
24 89 4 
24 90 2 
24 91 5 
24 92 3 
24 93 5 
24 94 5 
24 95 4 
24 97 2 
24 98 3 
25 1 5 
25 3 1 
25 6 3 
25 7 4 
25 8 3 
25 9 2 
25 10 1 
25 11 5 
25 12 4 
25 13 2 
25 14 2 
25 15 5 
25 16 4 
25 17 3 
25 18 1 
25 19 1 
25 20 1 
25 21 4 
25 23 4 
25 24 3 
25 25 5 
25 26 3 
25 27 4 
25 28 1 
25 30 5 
25 31 2 
25 32 5 
25 34 4 
25 37 2 
25 38 5 
25 39 3 
25 40 4 
25 42 3 
25 43 2 
25 44 2 
25 45 5 
25 46 2 
25 47 1 
25 48 2 
25 49 4 
25 50 2 
25 51 3 
25 52 2 
25 53 2 
25 54 2 
25 56 2 
25 58 5 
25 59 4 
25 60 1 
25 61 4 
25 62 1 
25 63 1 
25 64 5 
25 65 5 
25 66 2 
25 67 5 
25 68 2 
25 69 1 
25 70 3 
25 72 1 
25 74 3 
25 75 4 
25 78 5 
25 79 3 
25 80 4 
25 81 1 
25 82 1 
25 84 4 
25 85 4 
25 86 1 
25 88 4 
25 90 5 
25 92 5 
25 94 1 
25 95 4 
25 96 5 
25 97 3 
25 98 4 
25 99 1 
26 0 4 
26 1 2 
26 2 2 
26 4 3 
26 5 5 
26 6 4 
26 7 4 
26 8 5 
26 9 4 
26 10 1 
26 11 4 
26 12 5 
26 13 2 
26 14 5 
26 15 3 
26 18 4 
26 19 5 
26 20 1 
26 21 3 
26 22 5 
26 24 3 
26 25 1 
26 26 5 
26 27 3 
26 28 4 
26 29 4 
26 30 5 
26 31 3 
26 33 1 
26 34 4 
26 35 4 
26 36 1 
26 37 3 
26 38 2 
26 39 1 
26 40 1 
26 41 3 
26 42 5 
26 45 4 
26 46 4 
26 47 1 
26 48 4 
26 49 3 
26 51 5 
26 52 1 
26 55 5 
26 56 1 
26 58 3 
26 60 4 
26 61 2 
26 62 4 
26 63 5 
26 64 4 
26 65 2 
26 66 3 
26 67 5 
26 68 5 
26 69 5 
26 71 1 
26 72 3 
26 74 1 
26 75 3 
26 76 4 
26 78 5 
26 79 3 
26 80 4 
26 82 3 
26 83 5 
26 85 4 
26 86 5 
26 87 2 
26 88 4 
26 89 2 
26 90 3 
26 91 3 
26 92 4 
26 93 1 
26 94 2 
26 95 3 
26 96 4 
26 97 5 
26 98 2 
26 99 4 
27 0 5 
27 1 3 
27 2 5 
27 3 3 
27 4 3 
27 5 1 
27 6 1 
27 7 2 
27 8 1 
27 10 5 
27 13 3 
27 15 1 
27 16 1 
27 17 5 
27 18 4 
27 20 1 
27 21 1 
27 22 3 
27 24 3 
27 25 5 
27 26 3 
27 27 1 
27 28 5 
27 30 5 
27 31 5 
27 32 4 
27 33 4 
27 34 2 
27 35 1 
27 36 5 
27 37 3 
27 38 4 
27 39 1 
27 40 3 
27 41 4 
27 42 1 
27 43 4 
27 44 1 
27 45 2 
27 47 3 
27 48 1 
27 49 4 
27 50 3 
27 51 3 
27 52 5 
27 54 4 
27 55 3 
27 57 1 
27 58 4 
27 59 5 
27 60 2 
27 61 3 
27 62 4 
27 64 2 
27 65 1 
27 66 2 
27 67 1 
27 68 4 
27 70 3 
27 71 2 
27 72 4 
27 73 5 
27 76 1 
27 77 1 
27 78 3 
27 79 2 
27 80 5 
27 83 5 
27 85 4 
27 86 2 
27 89 1 
27 91 2 
27 92 4 
27 93 5 
27 94 3 
27 95 1 
27 97 5 
27 98 3 
27 99 5 
28 2 1 
28 3 5 
28 4 5 
28 5 2 
28 6 5 
28 8 3 
28 9 2 
28 10 3 
28 11 3 
28 12 3 
28 13 3 
28 14 3 
28 15 3 
28 16 2 
28 17 5 
28 18 4 
28 19 2 
28 21 5 
28 22 4 
28 23 5 
28 24 5 
28 25 1 
28 26 1 
28 28 1 
28 29 4 
28 30 5 
28 31 2 
28 32 4 
28 33 1 
28 34 1 
28 35 4 
28 36 4 
28 38 5 
28 39 2 
28 40 3 
28 41 3 
28 42 5 
28 44 1 
28 45 2 
28 46 4 
28 47 3 
28 48 2 
28 49 3 
28 50 5 
28 51 3 
28 52 3 
28 53 3 
28 54 3 
28 55 2 
28 56 5 
28 57 4 
28 58 2 
28 59 1 
28 60 2 
28 61 2 
28 62 3 
28 63 1 
28 64 3 
28 65 5 
28 67 1 
28 68 5 
28 69 5 
28 70 4 
28 71 3 
28 72 2 
28 73 3 
28 74 4 
28 75 4 
28 77 2 
28 78 1 
28 79 3 
28 83 3 
28 84 4 
28 85 4 
28 87 4 
28 88 2 
28 89 2 
28 90 5 
28 91 5 
28 92 5 
28 93 3 
28 95 2 
28 96 2 
28 97 1 
28 98 4 
28 99 2 
29 1 2 
29 2 5 
29 3 3 
29 5 4 
29 6 1 
29 9 2 
29 10 4 
29 11 1 
29 12 3 
29 13 4 
29 14 5 
29 15 1 
29 16 2 
29 17 5 
29 18 5 
29 19 5 
29 20 2 
29 21 5 
29 22 4 
29 23 1 
29 24 2 
29 25 5 
29 26 4 
29 27 5 
29 29 3 
29 30 1 
29 31 1 
29 33 1 
29 34 5 
29 36 5 
29 37 1 
29 38 1 
29 40 4 
29 41 5 
29 42 2 
29 43 1 
29 44 4 
29 45 1 
29 46 3 
29 47 1 
29 48 1 
29 49 2 
29 51 3 
29 52 2 
29 53 5 
29 54 5 
29 55 5 
29 56 5 
29 57 4 
29 58 4 
29 60 1 
29 62 1 
29 63 1 
29 64 1 
29 65 1 
29 66 2 
29 67 1 
29 68 2 
29 69 3 
29 70 2 
29 71 1 
29 72 3 
29 73 4 
29 74 2 
29 75 1 
29 76 5 
29 78 2 
29 80 3 
29 81 3 
29 82 4 
29 83 5 
29 84 3 
29 85 4 
29 86 4 
29 87 2 
29 88 2 
29 89 2 
29 90 2 
29 91 3 
29 92 2 
29 93 4 
29 94 4 
29 95 4 
29 96 5 
29 98 5 
29 99 2 
30 0 4 
30 1 2 
30 2 4 
30 3 1 
30 5 1 
30 6 3 
30 8 1 
30 10 1 
30 11 4 
30 12 3 
30 13 5 
30 14 3 
30 15 1 
30 16 3 
30 17 1 
30 18 3 
30 19 5 
30 20 4 
30 21 5 
30 22 3 
30 23 1 
30 24 4 
30 25 2 
30 26 5 
30 27 4 
30 28 3 
30 29 5 
30 30 1 
30 31 1 
30 32 1 
30 33 5 
30 34 3 
30 35 2 
30 38 2 
30 39 1 
30 40 1 
30 41 3 
30 43 5 
30 44 3 
30 45 3 
30 47 1 
30 48 5 
30 49 3 
30 50 1 
30 51 4 
30 52 3 
30 53 4 
30 54 5 
30 55 1 
30 57 5 
30 58 5 
30 59 3 
30 60 5 
30 61 1 
30 62 5 
30 65 2 
30 66 3 
30 68 3 
30 69 5 
30 70 2 
30 71 4 
30 72 3 
30 73 2 
30 74 3 
30 75 1 
30 77 3 
30 78 2 
30 81 3 
30 82 4 
30 83 4 
30 84 1 
30 85 4 
30 86 5 
30 87 2 
30 88 3 
30 89 5 
30 90 5 
30 91 2 
30 93 4 
30 94 3 
30 95 1 
30 96 1 
30 98 2 
30 99 4 
31 1 4 
31 2 2 
31 3 4 
31 4 1 
31 5 5 
31 6 5 
31 7 2 
31 8 2 
31 9 2 
31 10 3 
31 11 3 
31 13 1 
31 14 1 
31 15 2 
31 16 5 
31 17 1 
31 18 4 
31 19 3 
31 20 1 
31 21 4 
31 22 5 
31 23 2 
31 24 3 
31 25 2 
31 26 3 
31 27 4 
31 28 3 
31 29 5 
31 30 2 
31 31 4 
31 32 4 
31 33 5 
31 34 2 
31 36 4 
31 37 2 
31 38 3 
31 39 1 
31 40 4 
31 42 5 
31 43 5 
31 44 1 
31 45 1 
31 46 1 
31 47 1 
31 48 2 
31 49 5 
31 50 4 
31 51 4 
31 52 4 
31 53 4 
31 55 1 
31 56 1 
31 57 3 
31 59 4 
31 60 3 
31 61 3 
31 62 2 
31 63 2 
31 64 2 
31 65 5 
31 66 2 
31 67 1 
31 68 1 
31 69 5 
31 70 3 
31 72 5 
31 73 2 
31 74 5 
31 75 1 
31 76 4 
31 78 2 
31 81 1 
31 82 5 
31 83 4 
31 84 5 
31 85 5 
31 88 3 
31 90 5 
31 91 1 
31 92 3 
31 93 1 
31 94 3 
31 97 5 
31 98 1 
31 99 2 
32 0 5 
32 1 4 
32 2 2 
32 3 4 
32 4 1 
32 5 1 
32 7 5 
32 8 2 
32 9 3 
32 11 2 
32 12 4 
32 13 5 
32 14 1 
32 15 4 
32 16 5 
32 17 1 
32 18 4 
32 19 2 
32 20 1 
32 21 3 
32 22 3 
32 23 5 
32 24 5 
32 25 1 
32 26 5 
32 30 2 
32 32 5 
32 33 5 
32 34 4 
32 35 1 
32 37 5 
32 38 1 
32 39 3 
32 40 2 
32 41 1 
32 42 5 
32 43 1 
32 44 1 
32 45 1 
32 46 5 
32 48 2 
32 49 4 
32 50 3 
32 51 4 
32 52 2 
32 53 1 
32 54 3 
32 55 1 
32 56 2 
32 57 2 
32 58 2 
32 59 3 
32 60 3 
32 61 4 
32 62 3 
32 63 3 
32 64 3 
32 65 2 
32 66 4 
32 67 4 
32 68 1 
32 69 5 
32 70 2 
32 71 3 
32 72 1 
32 73 2 
32 74 4 
32 75 2 
32 76 3 
32 77 4 
32 78 3 
32 79 5 
32 80 2 
32 82 4 
32 83 4 
32 84 1 
32 85 1 
32 87 4 
32 88 4 
32 89 2 
32 90 1 
32 91 2 
32 92 1 
32 93 4 
32 94 5 
32 95 4 
32 97 3 
32 98 3 
32 99 1 
33 0 3 
33 1 5 
33 2 5 
33 3 4 
33 4 1 
33 5 4 
33 7 5 
33 8 2 
33 9 3 
33 10 4 
33 11 4 
33 12 3 
33 13 3 
33 14 2 
33 15 5 
33 16 4 
33 17 2 
33 18 3 
33 19 3 
33 20 5 
33 21 5 
33 22 5 
33 24 3 
33 25 4 
33 26 4 
33 27 4 
33 28 2 
33 29 2 
33 31 5 
33 32 2 
33 33 5 
33 34 3 
33 35 4 
33 36 3 
33 37 3 
33 38 3 
33 40 1 
33 41 1 
33 42 4 
33 43 4 
33 44 5 
33 45 1 
33 46 4 
33 47 3 
33 48 4 
33 49 2 
33 50 1 
33 51 3 
33 52 1 
33 54 3 
33 55 5 
33 56 5 
33 57 2 
33 58 3 
33 59 1 
33 60 4 
33 61 3 
33 63 1 
33 64 3 
33 65 3 
33 66 5 
33 67 1 
33 68 1 
33 69 2 
33 70 1 
33 71 2 
33 72 4 
33 74 1 
33 75 3 
33 76 1 
33 78 1 
33 79 5 
33 80 2 
33 81 2 
33 82 3 
33 83 4 
33 84 3 
33 86 3 
33 87 2 
33 88 2 
33 89 1 
33 90 3 
33 91 1 
33 92 5 
33 93 4 
33 94 2 
33 95 2 
33 96 2 
33 97 1 
33 98 3 
33 99 3 
34 0 3 
34 1 4 
34 2 5 
34 3 2 
34 4 4 
34 5 1 
34 6 5 
34 8 1 
34 11 4 
34 12 2 
34 13 3 
34 14 2 
34 15 5 
34 16 3 
34 18 2 
34 20 2 
34 22 2 
34 23 1 
34 24 4 
34 25 4 
34 26 4 
34 29 1 
34 30 4 
34 31 4 
34 33 4 
34 35 5 
34 36 5 
34 37 5 
34 38 5 
34 39 1 
34 42 5 
34 43 2 
34 44 3 
34 45 2 
34 46 2 
34 47 1 
34 48 3 
34 49 5 
34 50 2 
34 51 5 
34 52 5 
34 53 4 
34 54 1 
34 55 4 
34 56 3 
34 57 5 
34 58 5 
34 59 4 
34 61 4 
34 62 2 
34 63 1 
34 64 2 
34 65 3 
34 67 2 
34 68 3 
34 70 3 
34 71 3 
34 73 3 
34 75 4 
34 76 5 
34 77 3 
34 79 3 
34 80 3 
34 81 2 
34 82 2 
34 83 3 
34 84 1 
34 85 3 
34 86 1 
34 87 4 
34 88 3 
34 89 1 
34 90 3 
34 91 3 
34 92 5 
34 94 5 
34 95 2 
34 96 3 
34 97 5 
34 98 4 
34 99 1 
35 1 2 
35 2 5 
35 3 1 
35 4 5 
35 5 5 
35 7 5 
35 8 3 
35 10 2 
35 12 3 
35 13 5 
35 14 3 
35 15 4 
35 16 3 
35 17 5 
35 18 3 
35 20 1 
35 22 4 
35 25 4 
35 26 2 
35 27 4 
35 28 3 
35 29 1 
35 31 4 
35 32 3 
35 33 5 
35 35 3 
35 36 5 
35 38 3 
35 39 2 
35 40 1 
35 42 3 
35 43 4 
35 45 1 
35 46 3 
35 47 3 
35 48 1 
35 50 4 
35 51 2 
35 52 1 
35 53 3 
35 54 2 
35 55 2 
35 56 1 
35 57 5 
35 58 1 
35 59 5 
35 60 1 
35 61 1 
35 62 4 
35 63 5 
35 65 4 
35 66 2 
35 67 5 
35 68 4 
35 70 2 
35 71 5 
35 72 1 
35 74 4 
35 75 1 
35 76 1 
35 77 1 
35 78 5 
35 79 2 
35 80 2 
35 81 3 
35 82 4 
35 83 3 
35 84 1 
35 85 1 
35 87 2 
35 88 1 
35 89 1 
35 90 2 
35 91 2 
35 92 2 
35 94 1 
35 95 2 
35 96 4 
35 97 4 
35 98 2 
35 99 3 
36 0 4 
36 1 4 
36 2 3 
36 3 5 
36 4 5 
36 5 1 
36 6 1 
36 8 2 
36 10 3 
36 11 4 
36 12 4 
36 13 2 
36 14 2 
36 15 5 
36 16 4 
36 17 2 
36 18 2 
36 19 5 
36 20 3 
36 21 4 
36 22 1 
36 23 5 
36 24 5 
36 25 3 
36 26 2 
36 27 3 
36 28 1 
36 29 5 
36 30 1 
36 32 4 
36 33 4 
36 34 5 
36 35 3 
36 36 5 
36 37 1 
36 38 4 
36 39 2 
36 40 1 
36 41 1 
36 42 1 
36 44 4 
36 45 3 
36 46 5 
36 47 2 
36 49 2 
36 50 2 
36 51 3 
36 53 3 
36 54 3 
36 55 5 
36 58 3 
36 59 2 
36 60 5 
36 61 4 
36 62 2 
36 63 4 
36 64 3 
36 65 2 
36 66 1 
36 67 3 
36 68 3 
36 69 5 
36 70 5 
36 71 5 
36 72 1 
36 73 1 
36 74 5 
36 76 4 
36 77 4 
36 78 2 
36 79 5 
36 81 4 
36 82 2 
36 83 1 
36 84 2 
36 86 1 
36 87 3 
36 88 1 
36 89 5 
36 90 5 
36 91 1 
36 92 4 
36 93 1 
36 94 5 
36 95 1 
36 96 3 
36 97 1 
36 98 4 
36 99 1 
37 0 1 
37 1 4 
37 3 2 
37 4 5 
37 5 5 
37 6 3 
37 7 4 
37 8 4 
37 9 5 
37 10 3 
37 11 4 
37 12 4 
37 15 1 
37 17 1 
37 18 4 
37 19 1 
37 21 4 
37 22 3 
37 23 4 
37 25 2 
37 27 4 
37 28 4 
37 29 4 
37 30 5 
37 31 5 
37 32 3 
37 33 5 
37 34 2 
37 35 2 
37 36 5 
37 37 5 
37 39 3 
37 40 4 
37 41 3 
37 42 2 
37 43 3 
37 44 3 
37 45 2 
37 46 4 
37 47 4 
37 48 4 
37 49 3 
37 51 5 
37 52 1 
37 53 3 
37 54 3 
37 55 1 
37 57 4 
37 58 5 
37 59 4 
37 60 3 
37 61 4 
37 62 3 
37 64 4 
37 65 5 
37 66 3 
37 67 3 
37 68 5 
37 69 4 
37 71 4 
37 72 1 
37 73 3 
37 74 1 
37 75 5 
37 76 5 
37 78 4 
37 79 4 
37 80 3 
37 81 5 
37 82 3 
37 83 4 
37 84 2 
37 85 1 
37 86 5 
37 87 3 
37 88 5 
37 89 4 
37 90 1 
37 91 2 
37 92 3 
37 93 5 
37 94 3 
37 95 1 
37 96 5 
37 98 5 
37 99 4 
38 0 4 
38 2 3 
38 4 3 
38 5 4 
38 7 3 
38 8 4 
38 9 5 
38 10 1 
38 11 2 
38 12 4 
38 13 4 
38 15 1 
38 16 5 
38 18 4 
38 19 5 
38 20 4 
38 22 2 
38 23 2 
38 25 5 
38 26 4 
38 29 3 
38 30 4 
38 31 5 
38 32 3 
38 33 2 
38 35 1 
38 37 1 
38 38 4 
38 39 5 
38 41 5 
38 42 1 
38 43 5 
38 44 4 
38 45 2 
38 47 4 
38 48 2 
38 49 5 
38 50 3 
38 51 1 
38 53 5 
38 54 3 
38 56 5 
38 57 2 
38 60 5 
38 61 5 
38 63 3 
38 64 1 
38 65 1 
38 66 4 
38 67 2 
38 68 2 
38 69 3 
38 70 2 
38 71 3 
38 72 2 
38 73 4 
38 74 3 
38 75 1 
38 77 3 
38 78 5 
38 79 2 
38 80 3 
38 81 2 
38 82 4 
38 83 3 
38 84 2 
38 85 1 
38 86 4 
38 87 2 
38 88 3 
38 89 4 
38 90 3 
38 91 3 
38 92 3 
38 93 3 
38 94 1 
38 95 5 
38 96 5 
38 97 5 
38 98 2 
38 99 1 
39 0 2 
39 1 4 
39 2 5 
39 3 5 
39 4 2 
39 5 2 
39 7 3 
39 9 5 
39 11 3 
39 12 2 
39 13 4 
39 14 1 
39 15 5 
39 17 5 
39 18 1 
39 19 4 
39 20 4 
39 21 5 
39 22 1 
39 23 2 
39 24 3 
39 25 2 
39 26 1 
39 27 2 
39 28 2 
39 29 3 
39 30 4 
39 31 5 
39 32 2 
39 33 4 
39 34 5 
39 35 4 
39 38 2 
39 39 1 
39 40 5 
39 41 2 
39 42 5 
39 43 2 
39 46 1 
39 49 3 
39 50 4 
39 51 4 
39 52 3 
39 56 3 
39 57 2 
39 58 2 
39 61 1 
39 62 5 
39 63 2 
39 64 5 
39 65 5 
39 68 5 
39 69 3 
39 70 1 
39 71 5 
39 72 5 
39 73 1 
39 74 1 
39 75 5 
39 76 2 
39 77 3 
39 79 2 
39 80 1 
39 81 5 
39 82 1 
39 83 4 
39 84 5 
39 85 2 
39 86 4 
39 87 3 
39 88 4 
39 89 1 
39 90 3 
39 91 4 
39 92 2 
39 93 3 
39 95 1 
39 96 2 
39 97 1 
39 98 2 
39 99 1 
40 0 5 
40 1 3 
40 2 1 
40 3 4 
40 4 5 
40 5 2 
40 6 4 
40 7 1 
40 9 4 
40 10 4 
40 11 1 
40 12 4 
40 13 5 
40 14 5 
40 15 3 
40 16 1 
40 17 3 
40 18 1 
40 20 4 
40 21 4 
40 22 5 
40 23 1 
40 24 2 
40 26 2 
40 27 4 
40 28 2 
40 29 4 
40 31 1 
40 32 2 
40 33 1 
40 34 5 
40 35 2 
40 36 4 
40 37 3 
40 38 3 
40 39 4 
40 40 2 
40 41 1 
40 42 5 
40 44 1 
40 45 4 
40 46 4 
40 47 3 
40 48 1 
40 49 5 
40 50 3 
40 52 4 
40 53 2 
40 54 1 
40 56 2 
40 57 4 
40 58 4 
40 59 5 
40 60 3 
40 61 5 
40 65 5 
40 66 2 
40 67 4 
40 68 3 
40 69 5 
40 70 2 
40 71 5 
40 72 1 
40 73 1 
40 74 5 
40 75 2 
40 77 3 
40 78 5 
40 79 2 
40 80 3 
40 81 3 
40 82 2 
40 83 1 
40 84 5 
40 85 4 
40 86 1 
40 87 2 
40 88 2 
40 89 5 
40 90 1 
40 91 5 
40 92 5 
40 93 2 
40 95 5 
40 96 1 
40 97 2 
40 98 4 
40 99 5 
41 0 2 
41 2 4 
41 3 3 
41 4 2 
41 5 4 
41 6 5 
41 7 3 
41 8 2 
41 9 5 
41 10 5 
41 11 5 
41 12 2 
41 13 1 
41 15 1 
41 16 5 
41 17 2 
41 18 4 
41 19 2 
41 20 1 
41 22 1 
41 23 1 
41 24 3 
41 25 2 
41 27 5 
41 28 4 
41 29 4 
41 30 4 
41 32 5 
41 33 3 
41 34 3 
41 35 2 
41 36 1 
41 37 3 
41 38 5 
41 39 4 
41 40 2 
41 41 4 
41 42 3 
41 43 4 
41 45 4 
41 49 5 
41 50 2 
41 51 2 
41 53 4 
41 54 3 
41 55 3 
41 57 4 
41 58 2 
41 59 4 
41 60 2 
41 62 5 
41 63 2 
41 64 3 
41 65 2 
41 66 4 
41 67 5 
41 69 4 
41 70 3 
41 71 2 
41 72 3 
41 73 1 
41 74 1 
41 75 3 
41 76 5 
41 77 1 
41 78 4 
41 82 3 
41 83 1 
41 84 5 
41 86 4 
41 87 5 
41 88 5 
41 90 4 
41 91 1 
41 93 3 
41 94 4 
41 95 4 
41 97 3 
41 98 3 
42 0 2 
42 1 1 
42 2 3 
42 3 5 
42 4 2 
42 5 4 
42 6 3 
42 7 2 
42 8 5 
42 9 1 
42 10 2 
42 12 2 
42 14 1 
42 15 1 
42 19 5 
42 21 5 
42 22 1 
42 23 1 
42 24 3 
42 26 5 
42 27 3 
42 28 3 
42 29 3 
42 30 4 
42 31 5 
42 32 4 
42 33 1 
42 34 5 
42 35 1 
42 37 2 
42 38 3 
42 39 5 
42 40 3 
42 43 5 
42 45 2 
42 46 1 
42 47 1 
42 48 2 
42 49 2 
42 50 1 
42 51 3 
42 52 1 
42 53 3 
42 54 4 
42 55 4 
42 56 4 
42 57 4 
42 58 2 
42 59 1 
42 60 1 
42 61 1 
42 62 1 
42 64 2 
42 66 1 
42 67 2 
42 68 3 
42 69 5 
42 70 2 
42 71 1 
42 73 3 
42 74 1 
42 75 1 
42 77 2 
42 78 3 
42 79 3 
42 80 4 
42 81 5 
42 84 3 
42 85 5 
42 86 5 
42 87 1 
42 88 3 
42 89 1 
42 90 3 
42 91 5 
42 92 3 
42 93 4 
42 94 5 
42 96 5 
42 97 1 
42 98 3 
42 99 2 
43 0 1 
43 1 5 
43 2 4 
43 3 2 
43 4 3 
43 5 5 
43 6 3 
43 7 4 
43 8 1 
43 9 1 
43 10 1 
43 13 2 
43 15 3 
43 16 1 
43 17 5 
43 18 4 
43 19 4 
43 20 1 
43 21 1 
43 22 4 
43 23 4 
43 25 3 
43 26 4 
43 28 5 
43 29 1 
43 30 3 
43 31 1 
43 32 1 
43 33 1 
43 34 3 
43 35 5 
43 38 3 
43 39 2 
43 40 2 
43 41 5 
43 42 2 
43 43 2 
43 44 1 
43 45 3 
43 47 2 
43 48 3 
43 49 5 
43 50 1 
43 51 5 
43 52 1 
43 53 5 
43 54 3 
43 55 1 
43 56 3 
43 57 2 
43 58 1 
43 59 3 
43 60 4 
43 61 4 
43 62 4 
43 64 5 
43 65 1 
43 68 2 
43 69 4 
43 70 2 
43 71 4 
43 72 3 
43 73 5 
43 74 1 
43 75 4 
43 76 2 
43 77 1 
43 78 1 
43 79 5 
43 80 1 
43 81 3 
43 82 4 
43 83 2 
43 84 3 
43 85 2 
43 86 3 
43 88 5 
43 89 5 
43 90 3 
43 91 4 
43 92 4 
43 93 2 
43 94 5 
43 95 4 
43 96 3 
43 97 5 
43 98 4 
43 99 5 
44 0 3 
44 1 1 
44 2 4 
44 3 1 
44 5 5 
44 7 3 
44 8 1 
44 9 1 
44 10 3 
44 11 2 
44 12 5 
44 13 1 
44 14 5 
44 15 2 
44 16 4 
44 17 2 
44 18 3 
44 19 4 
44 20 2 
44 21 1 
44 22 2 
44 23 1 
44 24 3 
44 25 1 
44 26 5 
44 27 1 
44 28 1 
44 29 4 
44 31 4 
44 32 5 
44 33 5 
44 36 5 
44 38 3 
44 39 1 
44 40 2 
44 42 3 
44 43 1 
44 44 2 
44 45 3 
44 46 4 
44 47 1 
44 49 1 
44 50 5 
44 51 2 
44 52 3 
44 53 1 
44 54 3 
44 56 3 
44 57 3 
44 58 1 
44 59 4 
44 60 1 
44 61 2 
44 62 3 
44 64 2 
44 65 3 
44 66 1 
44 67 1 
44 68 3 
44 69 4 
44 70 2 
44 71 5 
44 72 5 
44 74 1 
44 75 1 
44 76 3 
44 77 5 
44 78 2 
44 79 3 
44 80 1 
44 81 2 
44 83 4 
44 84 3 
44 85 3 
44 86 4 
44 87 1 
44 88 1 
44 90 5 
44 91 2 
44 92 3 
44 93 2 
44 94 3 
44 95 5 
44 97 4 
44 99 3 
45 0 3 
45 1 3 
45 2 3 
45 3 2 
45 4 3 
45 5 4 
45 6 4 
45 7 1 
45 8 4 
45 9 1 
45 10 4 
45 11 5 
45 12 3 
45 13 5 
45 14 4 
45 16 3 
45 17 3 
45 18 1 
45 19 4 
45 20 3 
45 21 1 
45 24 4 
45 25 3 
45 27 4 
45 28 2 
45 30 2 
45 31 5 
45 32 4 
45 33 5 
45 34 2 
45 35 2 
45 36 4 
45 38 3 
45 39 3 
45 40 1 
45 41 2 
45 42 3 
45 43 5 
45 44 1 
45 45 1 
45 46 5 
45 47 4 
45 48 4 
45 49 1 
45 50 2 
45 51 2 
45 52 3 
45 53 3 
45 54 3 
45 55 1 
45 56 1 
45 57 3 
45 59 3 
45 60 4 
45 61 2 
45 62 3 
45 63 2 
45 64 2 
45 65 5 
45 66 4 
45 67 1 
45 69 2 
45 70 5 
45 71 2 
45 72 4 
45 73 2 
45 74 1 
45 76 4 
45 77 1 
45 78 4 
45 79 2 
45 80 3 
45 81 1 
45 82 5 
45 84 4 
45 85 2 
45 86 2 
45 87 5 
45 89 2 
45 90 3 
45 91 5 
45 92 5 
45 94 2 
45 95 1 
45 97 1 
45 98 3 
46 0 3 
46 1 2 
46 2 2 
46 3 2 
46 4 4 
46 5 4 
46 6 2 
46 7 2 
46 8 5 
46 10 5 
46 11 3 
46 12 2 
46 13 5 
46 14 3 
46 16 1 
46 19 2 
46 20 2 
46 21 3 
46 22 1 
46 23 2 
46 24 4 
46 25 3 
46 26 4 
46 27 4 
46 28 4 
46 29 1 
46 30 4 
46 31 2 
46 32 3 
46 33 1 
46 34 4 
46 35 2 
46 38 5 
46 39 5 
46 40 1 
46 41 4 
46 42 2 
46 43 3 
46 44 4 
46 46 4 
46 49 4 
46 50 2 
46 51 3 
46 52 2 
46 53 4 
46 54 5 
46 56 2 
46 57 3 
46 58 4 
46 60 5 
46 61 3 
46 62 3 
46 63 2 
46 64 4 
46 65 2 
46 66 5 
46 67 5 
46 68 2 
46 69 4 
46 70 4 
46 71 4 
46 72 3 
46 73 1 
46 74 2 
46 75 1 
46 76 2 
46 78 1 
46 79 2 
46 80 4 
46 81 4 
46 84 2 
46 87 4 
46 88 4 
46 89 5 
46 90 5 
46 91 3 
46 92 2 
46 93 3 
46 95 1 
46 96 5 
46 99 1 
47 0 4 
47 1 5 
47 3 2 
47 5 2 
47 6 4 
47 7 2 
47 8 2 
47 9 5 
47 10 5 
47 11 1 
47 12 4 
47 14 2 
47 16 1 
47 17 3 
47 18 5 
47 19 5 
47 20 2 
47 21 4 
47 22 3 
47 23 4 
47 24 1 
47 25 4 
47 28 4 
47 30 2 
47 31 3 
47 32 5 
47 33 2 
47 34 5 
47 36 5 
47 37 3 
47 38 3 
47 39 1 
47 40 3 
47 41 3 
47 42 2 
47 43 1 
47 44 3 
47 45 4 
47 46 2 
47 47 5 
47 48 2 
47 49 1 
47 50 4 
47 51 4 
47 53 2 
47 54 3 
47 55 2 
47 57 3 
47 58 3 
47 59 5 
47 60 3 
47 61 5 
47 62 2 
47 63 3 
47 64 2 
47 65 1 
47 66 4 
47 67 1 
47 68 5 
47 69 1 
47 70 3 
47 71 3 
47 72 5 
47 73 5 
47 74 4 
47 75 3 
47 76 4 
47 77 1 
47 78 2 
47 80 2 
47 81 1 
47 82 5 
47 83 3 
47 84 3 
47 85 2 
47 86 5 
47 87 3 
47 88 5 
47 89 2 
47 90 3 
47 91 3 
47 92 2 
47 93 5 
47 94 1 
47 95 4 
47 96 1 
47 97 5 
47 99 1 
48 0 1 
48 1 3 
48 2 4 
48 4 3 
48 5 3 
48 6 4 
48 7 2 
48 8 4 
48 10 3 
48 12 1 
48 13 2 
48 14 3 
48 15 4 
48 16 5 
48 17 3 
48 18 2 
48 19 5 
48 20 5 
48 21 5 
48 22 2 
48 23 1 
48 24 5 
48 25 4 
48 28 4 
48 30 1 
48 32 4 
48 35 2 
48 36 3 
48 37 4 
48 38 4 
48 39 1 
48 40 5 
48 41 1 
48 42 2 
48 44 4 
48 45 5 
48 46 5 
48 47 3 
48 48 3 
48 49 1 
48 50 3 
48 51 2 
48 52 1 
48 54 4 
48 56 4 
48 57 4 
48 58 1 
48 59 2 
48 60 5 
48 61 3 
48 62 2 
48 63 4 
48 64 3 
48 65 3 
48 68 2 
48 69 4 
48 70 2 
48 71 2 
48 73 4 
48 74 2 
48 75 5 
48 76 4 
48 77 1 
48 78 3 
48 79 1 
48 80 3 
48 82 4 
48 83 5 
48 85 2 
48 87 5 
48 89 1 
48 90 2 
48 92 5 
48 93 5 
48 94 4 
48 95 2 
48 96 3 
48 97 4 
48 98 3 
48 99 5 
49 0 3 
49 2 1 
49 3 4 
49 4 4 
49 5 4 
49 6 3 
49 7 2 
49 10 4 
49 11 3 
49 12 1 
49 13 2 
49 14 3 
49 15 2 
49 16 4 
49 17 3 
49 18 1 
49 19 5 
49 20 4 
49 21 3 
49 23 4 
49 24 2 
49 25 4 
49 26 1 
49 27 5 
49 28 3 
49 29 4 
49 30 5 
49 32 5 
49 33 1 
49 34 5 
49 35 3 
49 36 5 
49 37 2 
49 40 3 
49 41 4 
49 42 4 
49 43 4 
49 44 1 
49 45 1 
49 47 5 
49 48 4 
49 49 2 
49 50 5 
49 51 3 
49 52 5 
49 53 5 
49 54 1 
49 55 1 
49 56 4 
49 57 2 
49 58 1 
49 59 1 
49 60 1 
49 62 2 
49 64 2 
49 65 1 
49 66 4 
49 67 2 
49 68 4 
49 69 5 
49 70 2 
49 71 1 
49 72 4 
49 75 5 
49 76 1 
49 77 1 
49 78 5 
49 80 3 
49 81 4 
49 82 3 
49 83 2 
49 84 4 
49 85 5 
49 86 4 
49 87 3 
49 88 1 
49 90 4 
49 91 3 
49 93 1 
49 94 4 
49 95 3 
49 96 3 
49 97 2 
49 98 5 
49 99 1 
50 0 1 
50 1 1 
50 2 3 
50 3 5 
50 4 1 
50 5 4 
50 6 5 
50 7 3 
50 8 5 
50 9 4 
50 10 3 
50 11 3 
50 12 3 
50 15 2 
50 16 5 
50 17 4 
50 18 5 
50 19 1 
50 20 4 
50 21 4 
50 22 5 
50 23 5 
50 24 5 
50 25 3 
50 26 3 
50 27 3 
50 29 2 
50 30 5 
50 31 1 
50 32 3 
50 33 2 
50 34 1 
50 35 5 
50 36 1 
50 37 1 
50 38 2 
50 40 5 
50 42 4 
50 43 3 
50 45 4 
50 46 5 
50 48 2 
50 49 4 
50 50 2 
50 51 1 
50 52 2 
50 53 1 
50 54 1 
50 55 2 
50 56 5 
50 57 4 
50 59 5 
50 60 1 
50 61 5 
50 62 1 
50 63 4 
50 64 2 
50 65 3 
50 66 4 
50 67 3 
50 68 4 
50 70 4 
50 71 3 
50 72 1 
50 73 2 
50 74 1 
50 75 1 
50 78 2 
50 79 3 
50 80 5 
50 81 5 
50 82 4 
50 83 2 
50 84 1 
50 86 5 
50 88 5 
50 89 5 
50 90 5 
50 92 4 
50 94 5 
50 96 3 
50 97 3 
50 98 4 
50 99 1 
51 0 4 
51 1 2 
51 2 5 
51 3 5 
51 4 4 
51 5 1 
51 6 1 
51 7 4 
51 8 2 
51 9 4 
51 10 1 
51 11 2 
51 12 3 
51 14 4 
51 15 5 
51 16 1 
51 17 4 
51 18 5 
51 20 3 
51 21 4 
51 22 1 
51 23 2 
51 24 5 
51 26 3 
51 27 3 
51 28 4 
51 29 1 
51 30 5 
51 31 2 
51 32 4 
51 33 5 
51 34 2 
51 35 2 
51 37 3 
51 38 1 
51 39 3 
51 40 1 
51 41 3 
51 42 5 
51 43 5 
51 44 3 
51 45 3 
51 46 4 
51 47 4 
51 48 2 
51 49 4 
51 50 5 
51 51 5 
51 52 3 
51 54 2 
51 55 2 
51 56 1 
51 57 5 
51 59 5 
51 60 1 
51 62 1 
51 64 5 
51 65 3 
51 66 2 
51 68 1 
51 69 4 
51 70 3 
51 71 3 
51 72 1 
51 73 2 
51 74 3 
51 75 5 
51 77 2 
51 78 4 
51 79 2 
51 81 3 
51 82 2 
51 83 3 
51 84 4 
51 85 5 
51 87 5 
51 88 5 
51 90 5 
51 91 1 
51 92 1 
51 93 1 
51 94 1 
51 96 5 
51 97 3 
51 98 1 
52 0 2 
52 1 5 
52 2 4 
52 3 3 
52 4 2 
52 5 1 
52 6 2 
52 7 2 
52 8 3 
52 10 5 
52 11 3 
52 12 4 
52 13 2 
52 15 2 
52 16 1 
52 17 1 
52 18 2 
52 19 1 
52 20 2 
52 21 1 
52 22 2 
52 23 3 
52 24 3 
52 25 3 
52 26 4 
52 27 2 
52 29 5 
52 30 2 
52 31 3 
52 32 5 
52 33 1 
52 35 1 
52 36 2 
52 37 3 
52 38 4 
52 39 5 
52 40 3 
52 41 4 
52 42 3 
52 43 2 
52 45 4 
52 46 5 
52 47 2 
52 48 5 
52 49 1 
52 50 3 
52 51 1 
52 52 3 
52 53 5 
52 54 4 
52 56 2 
52 57 3 
52 58 3 
52 59 3 
52 60 2 
52 63 2 
52 64 1 
52 65 1 
52 66 3 
52 67 3 
52 68 4 
52 69 1 
52 70 3 
52 71 2 
52 72 5 
52 74 4 
52 76 5 
52 77 3 
52 78 3 
52 79 4 
52 80 5 
52 83 2 
52 85 5 
52 86 3 
52 87 3 
52 88 2 
52 89 1 
52 90 1 
52 91 5 
52 92 1 
52 93 2 
52 94 1 
52 95 2 
52 96 4 
52 97 4 
52 99 2 
53 1 3 
53 2 4 
53 3 5 
53 4 4 
53 5 2 
53 7 3 
53 9 3 
53 10 2 
53 11 5 
53 12 4 
53 13 2 
53 14 2 
53 15 5 
53 16 1 
53 17 5 
53 18 3 
53 19 3 
53 20 1 
53 21 5 
53 22 3 
53 23 2 
53 24 1 
53 25 4 
53 26 4 
53 28 3 
53 29 5 
53 30 2 
53 31 3 
53 32 3 
53 33 1 
53 34 3 
53 35 1 
53 36 4 
53 37 3 
53 38 5 
53 39 4 
53 40 1 
53 41 1 
53 42 3 
53 44 4 
53 45 5 
53 46 5 
53 47 5 
53 48 5 
53 49 3 
53 50 3 
53 52 2 
53 54 2 
53 55 4 
53 56 4 
53 57 1 
53 58 4 
53 59 1 
53 61 1 
53 62 5 
53 63 4 
53 64 2 
53 65 2 
53 66 5 
53 69 5 
53 70 4 
53 71 1 
53 72 1 
53 73 2 
53 74 2 
53 75 5 
53 76 1 
53 77 2 
53 78 4 
53 79 1 
53 80 5 
53 81 2 
53 82 1 
53 83 2 
53 84 2 
53 85 4 
53 87 1 
53 88 5 
53 89 5 
53 90 3 
53 92 1 
53 93 2 
53 94 4 
53 95 3 
53 96 5 
53 97 4 
53 98 4 
53 99 5 
54 0 4 
54 1 3 
54 2 1 
54 3 5 
54 4 5 
54 5 3 
54 6 4 
54 7 1 
54 8 5 
54 9 3 
54 10 2 
54 11 5 
54 12 5 
54 13 4 
54 14 1 
54 15 2 
54 16 2 
54 17 2 
54 18 4 
54 19 2 
54 20 1 
54 21 1 
54 22 3 
54 23 2 
54 24 4 
54 25 2 
54 27 3 
54 29 5 
54 30 2 
54 31 5 
54 32 2 
54 33 3 
54 34 4 
54 35 2 
54 36 1 
54 37 2 
54 38 4 
54 40 5 
54 43 5 
54 44 4 
54 45 1 
54 46 2 
54 47 1 
54 48 3 
54 50 3 
54 51 5 
54 52 1 
54 54 2 
54 55 5 
54 56 2 
54 57 2 
54 58 3 
54 59 3 
54 60 2 
54 61 5 
54 62 2 
54 63 4 
54 64 3 
54 65 1 
54 66 1 
54 67 5 
54 68 3 
54 69 5 
54 71 3 
54 74 3 
54 75 5 
54 76 1 
54 77 5 
54 79 5 
54 80 5 
54 81 4 
54 82 5 
54 83 1 
54 84 4 
54 85 1 
54 86 1 
54 87 1 
54 88 4 
54 89 4 
54 90 5 
54 92 4 
54 93 2 
54 94 5 
54 95 2 
54 96 4 
54 98 1 
54 99 2 
55 0 5 
55 1 2 
55 2 5 
55 3 5 
55 4 2 
55 5 3 
55 6 4 
55 7 4 
55 8 3 
55 9 5 
55 10 4 
55 11 2 
55 12 3 
55 13 3 
55 14 4 
55 15 2 
55 16 5 
55 17 5 
55 18 4 
55 19 3 
55 20 3 
55 21 3 
55 22 4 
55 23 2 
55 25 3 
55 26 4 
55 27 4 
55 28 3 
55 31 3 
55 32 2 
55 34 3 
55 35 5 
55 36 4 
55 37 1 
55 38 4 
55 39 1 
55 41 2 
55 42 4 
55 43 4 
55 44 5 
55 45 2 
55 47 4 
55 48 1 
55 49 4 
55 50 2 
55 51 5 
55 52 2 
55 54 1 
55 55 2 
55 56 3 
55 58 1 
55 59 1 
55 61 2 
55 62 4 
55 63 3 
55 64 2 
55 65 2 
55 66 3 
55 67 1 
55 68 3 
55 69 1 
55 70 2 
55 71 4 
55 72 3 
55 74 3 
55 75 3 
55 76 2 
55 77 3 
55 78 2 
55 79 3 
55 80 1 
55 81 4 
55 82 3 
55 83 3 
55 84 5 
55 85 4 
55 87 2 
55 88 4 
55 89 2 
55 90 4 
55 91 5 
55 92 4 
55 93 3 
55 94 3 
55 95 1 
55 96 5 
55 98 2 
55 99 3 
56 0 1 
56 1 5 
56 2 2 
56 3 5 
56 4 5 
56 5 5 
56 6 2 
56 7 1 
56 8 2 
56 9 4 
56 10 5 
56 11 4 
56 12 3 
56 13 2 
56 14 2 
56 15 2 
56 16 1 
56 17 2 
56 18 5 
56 20 5 
56 21 3 
56 23 3 
56 25 3 
56 26 5 
56 28 3 
56 29 1 
56 30 3 
56 31 5 
56 33 5 
56 34 4 
56 36 4 
56 38 2 
56 39 1 
56 40 5 
56 41 1 
56 42 5 
56 43 2 
56 44 4 
56 45 1 
56 46 4 
56 48 4 
56 49 3 
56 51 3 
56 52 1 
56 54 1 
56 55 2 
56 56 3 
56 58 2 
56 59 1 
56 60 2 
56 62 1 
56 63 2 
56 64 5 
56 65 5 
56 66 2 
56 67 4 
56 69 4 
56 73 5 
56 74 2 
56 75 5 
56 76 1 
56 77 1 
56 78 5 
56 80 4 
56 81 5 
56 82 3 
56 85 5 
56 86 2 
56 87 4 
56 88 5 
56 89 4 
56 91 1 
56 92 4 
56 93 1 
56 94 4 
56 95 4 
56 96 1 
56 97 1 
56 98 3 
56 99 2 
57 1 3 
57 2 2 
57 3 1 
57 4 3 
57 5 5 
57 7 5 
57 10 5 
57 11 5 
57 13 3 
57 14 5 
57 16 2 
57 17 1 
57 18 5 
57 19 2 
57 21 5 
57 22 4 
57 23 5 
57 24 1 
57 25 2 
57 26 3 
57 27 2 
57 28 4 
57 29 1 
57 30 5 
57 31 4 
57 32 4 
57 33 1 
57 35 2 
57 36 1 
57 38 1 
57 39 1 
57 42 1 
57 43 1 
57 44 3 
57 46 1 
57 48 2 
57 49 1 
57 50 2 
57 51 3 
57 54 2 
57 55 1 
57 56 3 
57 58 4 
57 59 2 
57 60 1 
57 61 4 
57 62 1 
57 65 1 
57 66 2 
57 67 1 
57 68 1 
57 69 3 
57 70 2 
57 71 2 
57 72 4 
57 73 4 
57 74 4 
57 75 2 
57 76 5 
57 77 5 
57 78 2 
57 79 1 
57 81 5 
57 82 5 
57 83 1 
57 85 1 
57 86 3 
57 87 4 
57 88 1 
57 89 2 
57 91 3 
57 93 1 
57 94 3 
57 96 2 
57 97 5 
57 98 1 
57 99 4 
58 0 3 
58 1 4 
58 2 1 
58 3 1 
58 4 2 
58 5 5 
58 6 4 
58 7 1 
58 8 5 
58 9 1 
58 10 3 
58 13 2 
58 14 1 
58 15 1 
58 16 4 
58 17 5 
58 20 1 
58 22 3 
58 23 1 
58 24 2 
58 26 2 
58 27 5 
58 28 5 
58 29 3 
58 30 4 
58 31 3 
58 32 2 
58 33 5 
58 34 5 
58 35 4 
58 36 5 
58 37 3 
58 39 5 
58 40 4 
58 41 3 
58 42 5 
58 43 5 
58 45 1 
58 46 1 
58 47 4 
58 49 1 
58 50 4 
58 51 2 
58 52 1 
58 53 1 
58 54 4 
58 55 4 
58 56 2 
58 58 3 
58 59 2 
58 60 4 
58 61 1 
58 62 5 
58 64 1 
58 65 4 
58 66 5 
58 68 1 
58 69 5 
58 70 5 
58 72 3 
58 73 5 
58 74 5 
58 75 3 
58 77 1 
58 78 2 
58 79 1 
58 80 2 
58 82 4 
58 83 4 
58 84 2 
58 85 2 
58 86 2 
58 87 4 
58 88 3 
58 90 1 
58 91 1 
58 92 1 
58 94 2 
58 95 3 
58 96 5 
58 97 1 
58 98 3 
58 99 1 
59 0 1 
59 1 3 
59 2 1 
59 3 4 
59 4 3 
59 5 1 
59 6 2 
59 7 4 
59 8 2 
59 9 4 
59 11 4 
59 12 4 
59 13 4 
59 14 3 
59 15 1 
59 16 1 
59 17 5 
59 19 4 
59 20 5 
59 21 1 
59 23 1 
59 24 2 
59 25 2 
59 26 4 
59 27 1 
59 28 4 
59 29 2 
59 30 3 
59 31 5 
59 33 4 
59 34 4 
59 35 3 
59 38 2 
59 39 3 
59 40 4 
59 41 2 
59 42 2 
59 43 3 
59 45 5 
59 46 5 
59 47 1 
59 48 4 
59 49 5 
59 51 4 
59 52 1 
59 55 3 
59 56 2 
59 57 5 
59 58 5 
59 59 1 
59 60 2 
59 61 2 
59 62 1 
59 63 2 
59 64 1 
59 65 5 
59 67 2 
59 69 3 
59 70 5 
59 71 5 
59 72 5 
59 73 1 
59 74 2 
59 77 1 
59 78 1 
59 79 5 
59 80 1 
59 81 2 
59 82 4 
59 83 2 
59 84 2 
59 85 4 
59 86 5 
59 87 5 
59 88 3 
59 89 5 
59 92 2 
59 93 1 
59 94 3 
59 95 3 
59 96 1 
59 97 3 
59 99 1 
60 0 1 
60 1 5 
60 5 3 
60 7 1 
60 8 5 
60 9 2 
60 12 4 
60 13 4 
60 14 2 
60 15 1 
60 16 3 
60 17 2 
60 19 1 
60 20 1 
60 22 1 
60 23 3 
60 24 2 
60 25 4 
60 26 1 
60 27 4 
60 28 2 
60 29 1 
60 30 5 
60 31 3 
60 32 1 
60 34 4 
60 35 2 
60 36 4 
60 37 4 
60 38 3 
60 39 3 
60 40 1 
60 41 4 
60 42 3 
60 44 2 
60 46 1 
60 48 2 
60 49 1 
60 50 1 
60 51 4 
60 52 2 
60 53 3 
60 54 2 
60 55 5 
60 56 1 
60 57 3 
60 58 3 
60 59 4 
60 60 5 
60 61 3 
60 62 1 
60 64 3 
60 65 5 
60 66 2 
60 67 2 
60 68 4 
60 70 5 
60 72 4 
60 73 3 
60 75 1 
60 76 3 
60 77 2 
60 78 1 
60 80 4 
60 81 3 
60 82 4 
60 87 2 
60 88 4 
60 89 3 
60 91 4 
60 93 1 
60 94 5 
60 95 4 
60 96 1 
60 97 2 
60 99 5 
61 0 2 
61 3 1 
61 4 4 
61 6 2 
61 7 1 
61 8 3 
61 9 4 
61 10 1 
61 11 1 
61 12 1 
61 14 1 
61 15 1 
61 16 1 
61 17 1 
61 18 3 
61 19 5 
61 20 5 
61 21 3 
61 22 3 
61 23 5 
61 24 5 
61 25 3 
61 26 4 
61 28 5 
61 29 5 
61 31 1 
61 32 5 
61 34 2 
61 35 3 
61 36 1 
61 37 5 
61 38 5 
61 39 4 
61 40 3 
61 41 1 
61 42 5 
61 43 4 
61 44 1 
61 45 1 
61 47 3 
61 48 3 
61 49 4 
61 50 2 
61 51 2 
61 52 2 
61 54 2 
61 55 1 
61 56 3 
61 57 1 
61 58 2 
61 59 2 
61 61 3 
61 62 4 
61 64 4 
61 65 1 
61 66 4 
61 67 5 
61 69 3 
61 70 4 
61 71 3 
61 72 5 
61 73 4 
61 74 2 
61 76 5 
61 77 2 
61 78 4 
61 79 3 
61 83 3 
61 84 1 
61 85 2 
61 86 5 
61 87 4 
61 88 3 
61 89 1 
61 90 1 
61 91 4 
61 92 5 
61 94 4 
61 95 3 
61 96 1 
61 97 2 
61 98 3 
61 99 1 
62 1 2 
62 2 4 
62 3 5 
62 8 3 
62 9 4 
62 10 3 
62 11 4 
62 12 5 
62 13 4 
62 14 1 
62 18 5 
62 19 4 
62 20 2 
62 22 3 
62 23 2 
62 24 1 
62 25 1 
62 26 5 
62 27 2 
62 28 4 
62 29 3 
62 30 3 
62 31 4 
62 32 5 
62 33 1 
62 34 3 
62 36 2 
62 37 3 
62 39 5 
62 40 2 
62 41 4 
62 42 3 
62 43 1 
62 44 2 
62 45 5 
62 46 1 
62 47 3 
62 48 5 
62 50 2 
62 51 2 
62 52 1 
62 53 5 
62 54 4 
62 55 2 
62 56 1 
62 57 4 
62 58 5 
62 59 5 
62 60 1 
62 61 2 
62 62 3 
62 63 1 
62 64 4 
62 65 1 
62 66 1 
62 68 5 
62 69 2 
62 71 1 
62 72 1 
62 73 4 
62 74 3 
62 75 4 
62 76 3 
62 77 4 
62 78 1 
62 79 3 
62 80 5 
62 81 4 
62 82 5 
62 83 1 
62 84 4 
62 85 4 
62 86 4 
62 87 5 
62 88 2 
62 89 3 
62 90 4 
62 91 4 
62 93 2 
62 95 4 
62 96 4 
62 97 2 
62 98 5 
62 99 3 
63 0 4 
63 2 5 
63 4 4 
63 5 2 
63 6 4 
63 7 1 
63 8 1 
63 10 5 
63 12 4 
63 13 5 
63 14 2 
63 15 2 
63 16 3 
63 18 1 
63 20 4 
63 22 4 
63 23 4 
63 24 3 
63 25 5 
63 26 3 
63 27 1 
63 28 1 
63 29 2 
63 30 5 
63 31 5 
63 32 2 
63 33 4 
63 35 1 
63 36 1 
63 37 4 
63 38 3 
63 39 2 
63 40 4 
63 41 2 
63 42 3 
63 43 2 
63 44 1 
63 45 5 
63 46 5 
63 47 4 
63 49 1 
63 50 5 
63 51 5 
63 52 1 
63 53 4 
63 54 3 
63 55 5 
63 56 3 
63 57 1 
63 59 4 
63 60 3 
63 61 5 
63 62 4 
63 64 4 
63 65 4 
63 66 1 
63 67 5 
63 68 2 
63 69 4 
63 70 1 
63 72 1 
63 73 4 
63 74 3 
63 75 2 
63 76 4 
63 77 3 
63 78 1 
63 79 5 
63 80 4 
63 82 4 
63 84 4 
63 85 2 
63 86 5 
63 87 1 
63 88 3 
63 89 5 
63 90 5 
63 91 1 
63 92 5 
63 93 3 
63 94 2 
63 95 3 
63 96 1 
63 97 3 
63 98 2 
63 99 4 
64 0 2 
64 1 4 
64 2 5 
64 3 3 
64 4 3 
64 5 2 
64 7 2 
64 9 1 
64 10 1 
64 11 4 
64 12 1 
64 14 5 
64 16 2 
64 17 4 
64 18 2 
64 20 4 
64 21 1 
64 22 2 
64 23 3 
64 24 5 
64 25 4 
64 27 1 
64 28 2 
64 29 3 
64 30 5 
64 31 5 
64 32 1 
64 33 5 
64 34 2 
64 35 5 
64 36 2 
64 37 2 
64 38 1 
64 39 2 
64 40 4 
64 41 2 
64 42 1 
64 44 3 
64 47 5 
64 48 4 
64 49 2 
64 51 2 
64 52 4 
64 53 2 
64 55 4 
64 56 1 
64 57 1 
64 58 5 
64 59 3 
64 60 4 
64 61 5 
64 62 2 
64 64 4 
64 65 5 
64 66 5 
64 68 1 
64 69 1 
64 70 3 
64 72 4 
64 73 4 
64 75 1 
64 76 4 
64 77 1 
64 78 1 
64 79 2 
64 80 3 
64 81 1 
64 82 5 
64 83 2 
64 84 4 
64 85 5 
64 87 5 
64 90 2 
64 91 5 
64 93 5 
64 95 5 
64 96 4 
64 97 5 
65 0 1 
65 1 3 
65 3 5 
65 4 1 
65 8 1 
65 9 2 
65 10 2 
65 11 5 
65 12 3 
65 13 2 
65 14 2 
65 15 2 
65 16 2 
65 17 3 
65 18 1 
65 19 3 
65 20 3 
65 21 4 
65 22 2 
65 23 4 
65 24 3 
65 25 2 
65 26 3 
65 27 1 
65 28 2 
65 29 3 
65 30 1 
65 31 3 
65 32 1 
65 33 1 
65 34 3 
65 35 2 
65 36 2 
65 37 4 
65 38 2 
65 39 4 
65 41 5 
65 42 4 
65 43 4 
65 44 2 
65 47 4 
65 48 3 
65 49 1 
65 50 1 
65 51 1 
65 52 5 
65 53 4 
65 54 5 
65 55 2 
65 56 1 
65 57 3 
65 58 3 
65 59 3 
65 60 1 
65 61 4 
65 62 1 
65 63 2 
65 65 5 
65 66 5 
65 67 2 
65 68 3 
65 69 2 
65 71 3 
65 72 2 
65 73 4 
65 74 1 
65 75 4 
65 76 5 
65 77 2 
65 78 3 
65 79 2 
65 80 3 
65 81 5 
65 82 4 
65 83 3 
65 84 3 
65 85 4 
65 86 5 
65 87 4 
65 88 1 
65 89 3 
65 90 2 
65 91 3 
65 92 2 
65 93 4 
65 94 5 
65 95 2 
65 96 3 
65 97 5 
65 98 5 
65 99 1 
66 0 1 
66 2 4 
66 3 4 
66 4 5 
66 6 3 
66 7 4 
66 8 2 
66 10 1 
66 12 5 
66 13 5 
66 14 3 
66 15 3 
66 16 4 
66 17 3 
66 18 2 
66 21 5 
66 22 3 
66 23 2 
66 24 3 
66 25 3 
66 26 5 
66 27 1 
66 28 2 
66 29 4 
66 30 2 
66 31 4 
66 32 5 
66 33 1 
66 34 2 
66 35 4 
66 36 2 
66 37 5 
66 38 2 
66 39 4 
66 41 4 
66 42 5 
66 44 4 
66 45 2 
66 46 3 
66 47 2 
66 50 2 
66 52 5 
66 53 5 
66 54 3 
66 55 2 
66 56 2 
66 57 2 
66 58 4 
66 59 5 
66 60 1 
66 62 4 
66 64 1 
66 65 1 
66 66 4 
66 67 3 
66 68 1 
66 69 1 
66 70 2 
66 71 1 
66 73 1 
66 74 1 
66 75 4 
66 76 4 
66 77 5 
66 79 4 
66 81 3 
66 82 5 
66 83 5 
66 84 2 
66 85 2 
66 86 2 
66 87 5 
66 88 5 
66 90 5 
66 93 3 
66 94 1 
66 95 2 
66 96 4 
66 98 5 
66 99 5 
67 0 2 
67 1 2 
67 2 1 
67 3 2 
67 4 4 
67 5 3 
67 7 2 
67 8 3 
67 9 1 
67 10 1 
67 11 3 
67 12 4 
67 13 1 
67 14 2 
67 15 1 
67 16 3 
67 17 4 
67 18 1 
67 19 3 
67 20 5 
67 22 4 
67 23 5 
67 24 4 
67 25 5 
67 26 1 
67 27 2 
67 29 1 
67 30 2 
67 31 2 
67 32 3 
67 33 4 
67 34 5 
67 35 1 
67 36 1 
67 37 5 
67 38 4 
67 39 4 
67 40 1 
67 42 1 
67 43 5 
67 44 1 
67 45 4 
67 46 1 
67 47 5 
67 48 3 
67 49 2 
67 50 2 
67 51 2 
67 52 3 
67 54 2 
67 55 1 
67 57 4 
67 58 4 
67 61 1 
67 62 3 
67 63 3 
67 64 5 
67 65 2 
67 66 5 
67 67 1 
67 68 2 
67 69 3 
67 70 5 
67 71 3 
67 72 3 
67 73 1 
67 74 3 
67 75 5 
67 77 5 
67 78 4 
67 79 3 
67 80 1 
67 83 5 
67 85 3 
67 87 1 
67 88 1 
67 89 4 
67 90 1 
67 91 2 
67 93 4 
67 94 5 
67 95 5 
67 97 5 
67 99 3 
68 0 3 
68 3 1 
68 4 1 
68 5 4 
68 7 2 
68 8 3 
68 9 4 
68 10 5 
68 11 5 
68 12 5 
68 14 4 
68 16 3 
68 17 4 
68 18 1 
68 19 5 
68 20 3 
68 21 2 
68 22 1 
68 23 3 
68 24 1 
68 25 1 
68 26 3 
68 27 2 
68 28 1 
68 29 3 
68 30 5 
68 31 4 
68 32 3 
68 33 5 
68 34 5 
68 35 5 
68 36 4 
68 37 5 
68 38 1 
68 39 1 
68 40 3 
68 41 1 
68 43 3 
68 44 2 
68 45 4 
68 46 3 
68 47 5 
68 48 3 
68 49 4 
68 50 5 
68 53 1 
68 54 4 
68 55 1 
68 56 3 
68 57 1 
68 58 3 
68 59 4 
68 60 5 
68 61 3 
68 62 2 
68 63 2 
68 64 3 
68 65 1 
68 66 2 
68 67 1 
68 68 1 
68 69 4 
68 70 2 
68 71 4 
68 73 3 
68 74 2 
68 75 2 
68 76 1 
68 77 5 
68 78 2 
68 79 4 
68 80 3 
68 81 2 
68 82 5 
68 83 3 
68 84 3 
68 85 4 
68 86 5 
68 87 1 
68 88 5 
68 89 3 
68 90 5 
68 91 4 
68 93 2 
68 94 1 
68 95 3 
68 96 3 
68 97 4 
68 98 4 
68 99 4 
69 0 2 
69 1 1 
69 2 3 
69 3 3 
69 4 4 
69 5 5 
69 6 5 
69 8 4 
69 9 2 
69 10 5 
69 11 2 
69 12 4 
69 13 5 
69 14 5 
69 15 2 
69 16 3 
69 17 5 
69 18 3 
69 19 2 
69 20 3 
69 21 2 
69 22 1 
69 23 3 
69 24 4 
69 25 2 
69 26 1 
69 27 2 
69 31 3 
69 32 2 
69 33 4 
69 36 4 
69 38 1 
69 39 2 
69 40 2 
69 42 4 
69 43 1 
69 44 5 
69 45 4 
69 46 3 
69 47 2 
69 48 4 
69 50 5 
69 51 1 
69 52 3 
69 54 5 
69 55 1 
69 56 3 
69 57 1 
69 58 3 
69 59 3 
69 60 1 
69 61 4 
69 62 1 
69 63 3 
69 64 3 
69 65 2 
69 66 4 
69 67 1 
69 68 3 
69 70 4 
69 71 5 
69 73 3 
69 74 1 
69 76 2 
69 77 4 
69 78 3 
69 80 4 
69 81 2 
69 82 2 
69 83 2 
69 84 3 
69 85 1 
69 86 3 
69 88 2 
69 89 1 
69 90 4 
69 91 4 
69 94 2 
69 95 3 
69 96 2 
69 97 1 
69 98 5 
69 99 5 
70 0 1 
70 1 3 
70 2 5 
70 3 1 
70 6 2 
70 7 2 
70 8 5 
70 9 5 
70 10 3 
70 11 4 
70 12 2 
70 13 5 
70 16 1 
70 17 4 
70 19 3 
70 20 5 
70 21 4 
70 22 2 
70 24 4 
70 25 4 
70 26 4 
70 27 1 
70 28 5 
70 29 3 
70 30 1 
70 31 1 
70 34 3 
70 35 1 
70 36 1 
70 37 5 
70 38 4 
70 40 5 
70 41 1 
70 42 5 
70 43 2 
70 44 1 
70 45 5 
70 46 2 
70 47 2 
70 48 3 
70 49 2 
70 51 3 
70 52 1 
70 53 2 
70 54 3 
70 56 1 
70 57 2 
70 58 2 
70 59 1 
70 60 5 
70 61 3 
70 62 2 
70 64 3 
70 65 5 
70 66 2 
70 67 5 
70 68 5 
70 71 5 
70 72 2 
70 73 5 
70 74 1 
70 75 4 
70 76 5 
70 77 3 
70 79 3 
70 83 2 
70 84 3 
70 85 4 
70 86 3 
70 87 5 
70 89 5 
70 90 1 
70 91 5 
70 92 2 
70 93 3 
70 96 3 
70 97 2 
70 98 5 
70 99 3 
71 0 2 
71 1 5 
71 2 2 
71 3 5 
71 4 5 
71 5 4 
71 6 3 
71 7 4 
71 8 2 
71 9 4 
71 10 1 
71 11 2 
71 12 5 
71 13 2 
71 14 5 
71 15 2 
71 17 3 
71 18 2 
71 19 1 
71 20 2 
71 21 3 
71 22 1 
71 23 5 
71 24 1 
71 25 1 
71 26 5 
71 27 5 
71 28 3 
71 29 5 
71 30 2 
71 32 5 
71 33 5 
71 35 5 
71 36 3 
71 37 3 
71 38 3 
71 39 5 
71 40 1 
71 41 5 
71 42 2 
71 44 1 
71 45 2 
71 46 3 
71 47 2 
71 48 5 
71 50 4 
71 51 2 
71 52 4 
71 53 5 
71 54 1 
71 55 5 
71 56 1 
71 57 1 
71 58 5 
71 59 5 
71 60 1 
71 61 2 
71 62 5 
71 63 1 
71 64 1 
71 65 5 
71 67 5 
71 68 3 
71 69 4 
71 70 4 
71 71 5 
71 72 3 
71 73 1 
71 75 5 
71 76 3 
71 77 4 
71 78 2 
71 79 2 
71 80 4 
71 82 5 
71 83 2 
71 86 2 
71 87 1 
71 88 2 
71 89 1 
71 91 4 
71 92 3 
71 94 5 
71 95 5 
71 96 5 
71 97 5 
71 98 5 
71 99 3 
72 0 3 
72 1 3 
72 2 3 
72 3 1 
72 4 5 
72 5 3 
72 6 1 
72 7 2 
72 8 1 
72 9 3 
72 10 5 
72 11 5 
72 12 4 
72 13 5 
72 14 2 
72 15 4 
72 16 5 
72 17 4 
72 18 5 
72 19 2 
72 20 5 
72 23 3 
72 25 5 
72 26 3 
72 28 5 
72 29 2 
72 30 3 
72 31 3 
72 34 4 
72 35 5 
72 36 4 
72 38 2 
72 39 5 
72 40 4 
72 41 2 
72 42 5 
72 43 2 
72 44 1 
72 45 1 
72 47 1 
72 48 5 
72 50 4 
72 51 5 
72 53 4 
72 54 3 
72 56 4 
72 58 1 
72 59 3 
72 60 3 
72 61 4 
72 63 3 
72 64 5 
72 65 5 
72 66 3 
72 67 4 
72 69 5 
72 70 3 
72 71 4 
72 72 2 
72 73 3 
72 75 4 
72 76 4 
72 77 1 
72 78 5 
72 79 4 
72 80 2 
72 81 3 
72 82 4 
72 83 3 
72 84 2 
72 85 2 
72 86 4 
72 88 2 
72 89 5 
72 90 3 
72 91 5 
72 92 4 
72 93 4 
72 94 3 
72 95 3 
72 96 4 
72 98 1 
72 99 4 
73 1 5 
73 2 2 
73 3 3 
73 4 2 
73 5 3 
73 6 1 
73 7 1 
73 8 5 
73 9 1 
73 11 2 
73 12 5 
73 13 5 
73 14 5 
73 15 1 
73 16 1 
73 17 3 
73 18 1 
73 19 4 
73 20 3 
73 21 5 
73 22 4 
73 23 1 
73 24 4 
73 25 1 
73 26 5 
73 27 2 
73 28 2 
73 30 1 
73 31 3 
73 33 4 
73 35 3 
73 36 2 
73 37 1 
73 38 5 
73 39 1 
73 40 3 
73 42 3 
73 43 2 
73 44 5 
73 45 3 
73 46 3 
73 47 1 
73 49 5 
73 51 3 
73 52 4 
73 53 4 
73 54 5 
73 55 3 
73 57 4 
73 59 2 
73 60 5 
73 61 1 
73 62 5 
73 63 5 
73 66 3 
73 67 2 
73 68 2 
73 69 2 
73 70 3 
73 71 5 
73 72 3 
73 73 1 
73 74 1 
73 75 3 
73 76 4 
73 77 4 
73 78 4 
73 79 5 
73 80 3 
73 81 4 
73 82 3 
73 83 2 
73 84 3 
73 85 2 
73 86 5 
73 87 3 
73 91 5 
73 92 1 
73 94 5 
73 95 1 
73 97 2 
73 98 4 
73 99 2 
74 0 5 
74 1 2 
74 2 2 
74 3 2 
74 4 3 
74 5 3 
74 7 2 
74 8 1 
74 9 4 
74 10 2 
74 11 5 
74 12 3 
74 13 5 
74 14 2 
74 16 2 
74 17 2 
74 18 4 
74 19 2 
74 20 2 
74 21 5 
74 22 2 
74 23 3 
74 24 5 
74 25 2 
74 26 5 
74 28 5 
74 29 3 
74 30 3 
74 31 5 
74 32 5 
74 33 5 
74 34 2 
74 35 3 
74 36 2 
74 37 2 
74 39 4 
74 40 1 
74 41 2 
74 42 4 
74 43 4 
74 44 1 
74 46 5 
74 47 4 
74 48 2 
74 49 4 
74 50 1 
74 51 4 
74 52 3 
74 53 3 
74 54 2 
74 55 2 
74 57 2 
74 58 2 
74 59 5 
74 62 5 
74 64 5 
74 65 1 
74 66 3 
74 67 2 
74 68 3 
74 69 3 
74 70 1 
74 71 4 
74 73 5 
74 74 3 
74 75 1 
74 77 2 
74 79 2 
74 81 1 
74 82 1 
74 83 3 
74 84 5 
74 85 4 
74 87 5 
74 88 1 
74 89 3 
74 90 5 
74 91 1 
74 92 3 
74 93 4 
74 94 1 
74 95 3 
74 96 5 
74 97 5 
74 98 5 
74 99 3 
75 0 3 
75 1 1 
75 2 1 
75 3 3 
75 5 4 
75 6 5 
75 8 1 
75 9 5 
75 10 3 
75 11 2 
75 13 5 
75 15 5 
75 16 3 
75 18 5 
75 19 5 
75 20 4 
75 21 4 
75 23 1 
75 24 2 
75 25 2 
75 26 5 
75 27 2 
75 28 2 
75 29 5 
75 30 5 
75 34 3 
75 36 5 
75 37 3 
75 38 1 
75 39 1 
75 40 2 
75 41 4 
75 42 3 
75 43 3 
75 44 3 
75 45 3 
75 46 3 
75 47 1 
75 48 4 
75 49 2 
75 51 2 
75 53 1 
75 54 4 
75 55 3 
75 56 4 
75 57 3 
75 58 5 
75 60 2 
75 61 4 
75 63 2 
75 64 5 
75 65 4 
75 66 3 
75 67 5 
75 68 1 
75 69 4 
75 71 3 
75 72 2 
75 73 4 
75 74 1 
75 76 2 
75 77 4 
75 78 1 
75 81 2 
75 82 3 
75 83 1 
75 84 3 
75 85 1 
75 86 4 
75 87 1 
75 88 5 
75 89 4 
75 90 2 
75 91 1 
75 92 2 
75 93 2 
75 94 4 
75 95 2 
75 97 1 
75 98 1 
75 99 1 
76 1 1 
76 2 5 
76 3 2 
76 5 1 
76 6 3 
76 7 2 
76 8 5 
76 9 5 
76 10 3 
76 12 1 
76 14 2 
76 15 4 
76 16 2 
76 17 1 
76 19 1 
76 20 5 
76 21 2 
76 22 3 
76 23 2 
76 24 5 
76 25 2 
76 26 4 
76 27 5 
76 28 4 
76 29 5 
76 30 1 
76 31 4 
76 32 1 
76 33 1 
76 34 1 
76 35 1 
76 36 2 
76 37 4 
76 38 4 
76 39 2 
76 40 3 
76 41 1 
76 42 2 
76 43 5 
76 44 1 
76 45 4 
76 46 4 
76 47 4 
76 48 5 
76 49 4 
76 51 5 
76 52 1 
76 53 3 
76 54 1 
76 57 5 
76 58 5 
76 59 4 
76 60 5 
76 61 1 
76 62 2 
76 63 1 
76 64 2 
76 65 3 
76 66 2 
76 67 5 
76 68 2 
76 69 1 
76 70 1 
76 72 2 
76 73 4 
76 74 5 
76 75 4 
76 76 3 
76 77 3 
76 78 2 
76 79 3 
76 80 2 
76 81 2 
76 82 2 
76 83 3 
76 85 3 
76 86 3 
76 88 3 
76 89 3 
76 90 4 
76 91 3 
76 92 4 
76 93 1 
76 94 4 
76 95 1 
76 96 5 
76 97 1 
76 99 1 
77 0 2 
77 1 2 
77 2 1 
77 3 4 
77 5 1 
77 6 2 
77 7 3 
77 8 4 
77 9 4 
77 11 1 
77 12 1 
77 13 3 
77 14 4 
77 15 1 
77 17 2 
77 18 1 
77 19 4 
77 20 5 
77 21 5 
77 22 1 
77 23 4 
77 24 1 
77 26 5 
77 28 1 
77 30 1 
77 31 3 
77 32 2 
77 33 3 
77 34 2 
77 35 3 
77 36 4 
77 37 4 
77 39 3 
77 40 3 
77 41 1 
77 42 4 
77 43 4 
77 44 4 
77 45 3 
77 47 5 
77 48 5 
77 49 1 
77 50 4 
77 51 4 
77 52 1 
77 53 5 
77 54 3 
77 55 2 
77 56 5 
77 57 2 
77 58 2 
77 59 1 
77 60 3 
77 61 4 
77 62 4 
77 64 1 
77 65 1 
77 66 4 
77 69 4 
77 70 4 
77 71 3 
77 73 3 
77 74 2 
77 75 5 
77 77 2 
77 78 4 
77 79 5 
77 80 4 
77 81 2 
77 82 4 
77 83 5 
77 84 2 
77 85 1 
77 86 1 
77 87 2 
77 88 4 
77 89 3 
77 90 3 
77 91 2 
77 92 2 
77 93 2 
77 94 2 
77 95 3 
77 96 3 
77 98 4 
77 99 3 
78 0 5 
78 1 2 
78 2 1 
78 4 5 
78 5 4 
78 6 5 
78 8 1 
78 9 4 
78 10 5 
78 11 5 
78 12 1 
78 13 4 
78 14 5 
78 15 4 
78 16 5 
78 19 4 
78 20 4 
78 21 4 
78 25 3 
78 26 4 
78 27 4 
78 28 4 
78 29 2 
78 30 2 
78 31 4 
78 32 5 
78 33 4 
78 34 4 
78 35 5 
78 36 3 
78 37 4 
78 38 5 
78 39 4 
78 40 3 
78 41 5 
78 42 4 
78 43 5 
78 44 3 
78 45 3 
78 46 3 
78 47 3 
78 48 4 
78 49 4 
78 50 2 
78 51 3 
78 52 2 
78 53 2 
78 54 3 
78 55 2 
78 57 2 
78 58 1 
78 59 4 
78 60 5 
78 61 3 
78 62 3 
78 63 4 
78 64 2 
78 65 2 
78 66 3 
78 67 5 
78 68 1 
78 69 2 
78 70 3 
78 71 4 
78 72 2 
78 73 2 
78 74 3 
78 75 5 
78 76 5 
78 78 3 
78 79 4 
78 80 4 
78 81 5 
78 82 1 
78 83 1 
78 84 2 
78 85 4 
78 86 4 
78 87 2 
78 88 1 
78 89 5 
78 90 1 
78 92 3 
78 93 5 
78 94 4 
78 95 5 
78 96 1 
78 97 2 
78 98 5 
78 99 2 
79 0 5 
79 1 3 
79 2 1 
79 3 1 
79 4 5 
79 5 4 
79 6 1 
79 7 5 
79 8 5 
79 9 5 
79 10 3 
79 11 4 
79 12 4 
79 13 4 
79 14 5 
79 15 1 
79 16 3 
79 17 4 
79 18 4 
79 19 4 
79 20 3 
79 21 5 
79 22 4 
79 23 1 
79 24 5 
79 25 3 
79 26 1 
79 30 2 
79 31 5 
79 32 3 
79 33 3 
79 34 1 
79 35 2 
79 36 2 
79 37 2 
79 38 2 
79 39 2 
79 40 1 
79 41 5 
79 44 4 
79 46 1 
79 47 1 
79 48 4 
79 49 5 
79 50 5 
79 51 2 
79 52 5 
79 53 4 
79 54 3 
79 55 4 
79 56 2 
79 57 5 
79 58 5 
79 59 2 
79 60 5 
79 61 2 
79 62 2 
79 63 3 
79 65 3 
79 66 5 
79 67 2 
79 69 2 
79 70 5 
79 71 1 
79 72 1 
79 73 5 
79 74 2 
79 75 5 
79 77 4 
79 78 1 
79 79 5 
79 80 3 
79 82 2 
79 83 3 
79 84 5 
79 86 2 
79 87 2 
79 88 5 
79 89 1 
79 90 5 
79 91 4 
79 92 3 
79 93 1 
79 94 1 
79 95 4 
79 96 5 
79 97 1 
79 99 5 
80 0 3 
80 2 1 
80 3 5 
80 4 5 
80 5 3 
80 6 5 
80 8 1 
80 11 5 
80 12 1 
80 13 2 
80 14 3 
80 15 1 
80 16 2 
80 17 5 
80 18 3 
80 19 1 
80 20 1 
80 21 2 
80 23 5 
80 24 4 
80 25 2 
80 26 3 
80 27 3 
80 28 3 
80 29 3 
80 30 2 
80 31 1 
80 32 4 
80 33 4 
80 34 1 
80 35 4 
80 36 1 
80 38 4 
80 39 3 
80 41 5 
80 42 3 
80 43 1 
80 44 1 
80 46 2 
80 47 4 
80 50 5 
80 51 1 
80 52 3 
80 55 1 
80 56 2 
80 57 3 
80 58 5 
80 60 1 
80 61 2 
80 62 2 
80 63 5 
80 65 3 
80 66 3 
80 67 2 
80 68 3 
80 69 2 
80 71 4 
80 72 1 
80 73 3 
80 75 2 
80 76 4 
80 77 3 
80 79 4 
80 80 3 
80 82 5 
80 83 1 
80 85 5 
80 86 3 
80 87 3 
80 88 3 
80 89 2 
80 90 3 
80 91 4 
80 92 4 
80 94 3 
80 95 5 
80 96 3 
80 97 1 
80 98 1 
80 99 1 
81 0 3 
81 1 1 
81 3 4 
81 4 5 
81 6 1 
81 7 3 
81 8 3 
81 9 2 
81 10 1 
81 11 1 
81 12 2 
81 14 2 
81 15 3 
81 17 5 
81 19 3 
81 20 2 
81 21 4 
81 22 2 
81 23 1 
81 24 4 
81 27 2 
81 28 1 
81 29 2 
81 30 3 
81 31 4 
81 32 3 
81 33 4 
81 34 3 
81 35 3 
81 36 4 
81 37 4 
81 39 2 
81 41 1 
81 42 4 
81 43 3 
81 44 2 
81 47 2 
81 49 1 
81 51 3 
81 53 2 
81 54 4 
81 55 5 
81 56 2 
81 57 4 
81 58 1 
81 59 4 
81 60 1 
81 61 5 
81 62 2 
81 63 5 
81 64 3 
81 66 2 
81 67 2 
81 68 5 
81 69 2 
81 70 4 
81 71 5 
81 72 4 
81 73 2 
81 74 3 
81 76 3 
81 77 4 
81 78 3 
81 79 4 
81 80 5 
81 81 4 
81 82 1 
81 83 5 
81 86 4 
81 87 3 
81 88 5 
81 90 1 
81 92 5 
81 93 4 
81 94 5 
81 95 3 
81 96 4 
81 97 1 
81 98 5 
81 99 3 
82 0 3 
82 1 4 
82 2 3 
82 3 1 
82 5 1 
82 6 2 
82 7 4 
82 8 5 
82 9 5 
82 10 2 
82 11 4 
82 12 4 
82 13 3 
82 14 4 
82 15 4 
82 16 4 
82 17 3 
82 18 2 
82 19 3 
82 20 4 
82 21 3 
82 22 3 
82 23 4 
82 24 1 
82 25 2 
82 26 1 
82 28 3 
82 29 1 
82 30 4 
82 31 1 
82 32 5 
82 33 1 
82 34 3 
82 35 5 
82 36 2 
82 37 5 
82 38 3 
82 39 1 
82 40 5 
82 43 3 
82 44 4 
82 45 5 
82 46 2 
82 47 2 
82 48 3 
82 49 4 
82 50 5 
82 51 1 
82 52 1 
82 53 2 
82 54 5 
82 55 3 
82 56 4 
82 58 4 
82 59 2 
82 60 2 
82 61 2 
82 62 3 
82 63 1 
82 64 3 
82 66 1 
82 69 4 
82 70 2 
82 71 5 
82 72 5 
82 73 3 
82 74 3 
82 75 3 
82 76 2 
82 78 5 
82 80 4 
82 81 4 
82 82 1 
82 86 4 
82 87 5 
82 88 1 
82 89 2 
82 90 1 
82 91 3 
82 92 4 
82 93 4 
82 94 5 
82 95 1 
82 96 5 
82 98 2 
82 99 5 
83 0 5 
83 1 4 
83 2 5 
83 3 4 
83 4 2 
83 5 3 
83 6 1 
83 7 5 
83 8 3 
83 10 5 
83 11 1 
83 12 4 
83 14 2 
83 15 5 
83 16 1 
83 18 4 
83 19 3 
83 20 2 
83 22 1 
83 24 4 
83 26 2 
83 27 4 
83 29 4 
83 30 4 
83 32 3 
83 33 4 
83 34 4 
83 36 1 
83 37 5 
83 38 5 
83 39 5 
83 41 4 
83 43 5 
83 44 5 
83 45 3 
83 46 4 
83 48 3 
83 49 3 
83 50 4 
83 51 5 
83 52 3 
83 53 5 
83 55 2 
83 57 2 
83 59 1 
83 60 1 
83 61 4 
83 62 1 
83 63 5 
83 64 2 
83 65 5 
83 66 5 
83 67 4 
83 68 5 
83 69 4 
83 70 3 
83 71 5 
83 72 2 
83 73 4 
83 74 4 
83 75 1 
83 76 1 
83 77 3 
83 78 2 
83 79 5 
83 81 1 
83 82 4 
83 83 3 
83 84 1 
83 85 5 
83 86 5 
83 87 2 
83 88 1 
83 90 3 
83 91 2 
83 92 5 
83 93 5 
83 94 1 
83 95 2 
83 96 5 
83 97 1 
83 99 4 
84 0 5 
84 1 4 
84 2 4 
84 3 1 
84 4 2 
84 5 3 
84 6 3 
84 7 3 
84 8 1 
84 10 2 
84 11 1 
84 12 2 
84 13 1 
84 14 5 
84 15 3 
84 17 5 
84 19 2 
84 21 3 
84 22 5 
84 23 5 
84 24 2 
84 25 1 
84 26 1 
84 27 1 
84 28 2 
84 29 2 
84 31 1 
84 33 5 
84 34 3 
84 35 2 
84 36 3 
84 37 1 
84 39 4 
84 40 2 
84 41 3 
84 43 5 
84 44 5 
84 45 5 
84 46 2 
84 48 5 
84 49 2 
84 50 3 
84 51 5 
84 53 2 
84 54 4 
84 55 3 
84 56 4 
84 57 5 
84 58 5 
84 60 2 
84 62 2 
84 63 2 
84 64 5 
84 66 4 
84 67 2 
84 68 2 
84 69 5 
84 70 1 
84 71 4 
84 72 3 
84 73 1 
84 74 3 
84 75 2 
84 78 2 
84 79 5 
84 80 3 
84 81 5 
84 82 4 
84 83 4 
84 84 2 
84 85 3 
84 86 1 
84 88 3 
84 89 1 
84 90 1 
84 91 5 
84 92 1 
84 93 4 
84 94 1 
84 96 4 
84 98 3 
84 99 1 
85 0 5 
85 1 4 
85 3 2 
85 4 5 
85 5 3 
85 6 5 
85 8 4 
85 9 2 
85 10 5 
85 11 2 
85 12 2 
85 13 4 
85 14 1 
85 15 4 
85 16 2 
85 17 2 
85 18 5 
85 19 5 
85 20 4 
85 21 1 
85 22 4 
85 23 5 
85 24 5 
85 27 4 
85 29 3 
85 30 5 
85 32 2 
85 33 5 
85 34 3 
85 35 1 
85 36 3 
85 37 2 
85 38 1 
85 39 2 
85 40 4 
85 41 1 
85 42 5 
85 46 5 
85 47 2 
85 48 3 
85 49 4 
85 50 1 
85 51 1 
85 55 5 
85 58 4 
85 59 1 
85 60 4 
85 61 4 
85 62 1 
85 64 4 
85 65 4 
85 66 1 
85 67 1 
85 68 1 
85 69 3 
85 70 4 
85 72 5 
85 73 3 
85 76 4 
85 78 2 
85 79 1 
85 80 5 
85 81 4 
85 82 2 
85 83 5 
85 84 4 
85 85 3 
85 86 5 
85 87 5 
85 88 3 
85 89 3 
85 91 2 
85 92 1 
85 93 1 
85 94 2 
85 95 5 
85 97 4 
85 98 1 
85 99 1 
86 0 2 
86 2 1 
86 3 1 
86 4 4 
86 5 2 
86 6 1 
86 7 2 
86 8 3 
86 9 4 
86 10 4 
86 11 2 
86 12 2 
86 14 1 
86 15 1 
86 16 4 
86 17 1 
86 18 1 
86 19 2 
86 20 4 
86 21 1 
86 22 4 
86 24 3 
86 27 3 
86 28 4 
86 29 2 
86 30 5 
86 32 2 
86 34 2 
86 36 3 
86 37 4 
86 38 3 
86 40 2 
86 41 1 
86 42 3 
86 43 5 
86 44 2 
86 45 4 
86 46 1 
86 49 2 
86 50 2 
86 51 4 
86 52 4 
86 53 1 
86 54 5 
86 55 1 
86 56 1 
86 57 5 
86 58 4 
86 60 2 
86 61 4 
86 62 1 
86 63 4 
86 64 5 
86 65 3 
86 66 5 
86 67 2 
86 68 2 
86 69 3 
86 70 3 
86 71 4 
86 72 5 
86 74 4 
86 75 1 
86 76 5 
86 78 2 
86 79 5 
86 80 2 
86 81 5 
86 82 4 
86 85 3 
86 86 1 
86 87 2 
86 88 3 
86 90 2 
86 92 4 
86 93 3 
86 94 5 
86 95 3 
86 96 1 
86 97 5 
86 99 3 
87 0 2 
87 1 3 
87 2 2 
87 3 1 
87 4 3 
87 5 1 
87 6 3 
87 7 3 
87 8 1 
87 9 5 
87 10 2 
87 11 4 
87 12 4 
87 13 1 
87 14 4 
87 15 5 
87 16 4 
87 18 1 
87 19 2 
87 20 1 
87 21 4 
87 22 3 
87 24 2 
87 25 2 
87 26 3 
87 27 4 
87 28 1 
87 29 3 
87 30 1 
87 31 3 
87 32 1 
87 33 4 
87 34 5 
87 35 5 
87 37 2 
87 38 2 
87 39 1 
87 40 2 
87 41 5 
87 43 1 
87 45 5 
87 47 5 
87 48 5 
87 49 2 
87 50 2 
87 51 1 
87 53 5 
87 54 1 
87 55 2 
87 56 1 
87 57 4 
87 59 3 
87 60 2 
87 61 2 
87 63 4 
87 64 1 
87 66 3 
87 67 1 
87 68 3 
87 70 3 
87 71 5 
87 72 5 
87 73 3 
87 75 5 
87 76 3 
87 78 5 
87 79 2 
87 80 3 
87 81 1 
87 82 4 
87 83 3 
87 85 5 
87 87 2 
87 88 4 
87 90 5 
87 91 1 
87 92 3 
87 94 5 
87 95 5 
87 96 1 
87 97 3 
87 98 1 
87 99 4 
88 0 3 
88 1 4 
88 2 3 
88 3 3 
88 4 2 
88 5 4 
88 6 3 
88 8 5 
88 9 2 
88 10 2 
88 11 2 
88 12 4 
88 13 1 
88 14 5 
88 15 5 
88 17 5 
88 18 1 
88 19 4 
88 21 1 
88 22 5 
88 23 4 
88 24 2 
88 25 5 
88 26 3 
88 27 3 
88 28 2 
88 29 4 
88 30 1 
88 32 3 
88 33 5 
88 34 3 
88 36 3 
88 37 1 
88 39 3 
88 40 3 
88 41 3 
88 42 5 
88 43 2 
88 44 4 
88 45 5 
88 46 1 
88 47 5 
88 48 5 
88 49 3 
88 50 4 
88 52 4 
88 53 4 
88 54 4 
88 56 3 
88 57 2 
88 58 4 
88 60 1 
88 62 1 
88 63 4 
88 64 5 
88 65 4 
88 66 5 
88 67 3 
88 71 3 
88 72 3 
88 75 2 
88 76 5 
88 77 1 
88 78 2 
88 79 5 
88 80 4 
88 82 5 
88 83 3 
88 84 4 
88 85 3 
88 86 4 
88 87 1 
88 89 2 
88 90 2 
88 91 1 
88 92 2 
88 93 3 
88 95 2 
88 96 2 
88 97 5 
88 99 2 
89 0 5 
89 3 3 
89 4 1 
89 7 1 
89 8 1 
89 9 2 
89 12 2 
89 13 5 
89 14 3 
89 16 3 
89 17 1 
89 18 2 
89 19 3 
89 20 4 
89 21 4 
89 22 5 
89 23 1 
89 24 2 
89 25 5 
89 26 3 
89 27 4 
89 28 4 
89 29 3 
89 30 1 
89 31 4 
89 32 4 
89 33 1 
89 34 2 
89 35 5 
89 36 1 
89 37 2 
89 39 3 
89 40 5 
89 41 1 
89 42 4 
89 43 2 
89 45 1 
89 46 2 
89 47 4 
89 48 3 
89 49 5 
89 50 2 
89 51 2 
89 52 4 
89 53 1 
89 54 3 
89 57 1 
89 58 5 
89 59 4 
89 60 4 
89 62 3 
89 63 3 
89 64 2 
89 65 5 
89 66 2 
89 67 3 
89 68 2 
89 69 3 
89 70 1 
89 71 1 
89 72 4 
89 73 5 
89 74 3 
89 75 5 
89 76 1 
89 78 3 
89 79 5 
89 81 5 
89 82 2 
89 83 4 
89 84 1 
89 85 5 
89 86 5 
89 87 1 
89 88 1 
89 89 4 
89 90 5 
89 91 5 
89 92 5 
89 93 3 
89 94 2 
89 95 1 
89 96 2 
89 97 5 
89 98 5 
89 99 4 
90 0 3 
90 1 1 
90 3 1 
90 4 1 
90 5 3 
90 6 1 
90 7 3 
90 8 4 
90 9 5 
90 10 3 
90 11 4 
90 12 5 
90 13 5 
90 14 3 
90 16 5 
90 17 3 
90 18 1 
90 20 2 
90 21 1 
90 23 1 
90 24 4 
90 25 3 
90 26 3 
90 27 1 
90 28 2 
90 29 2 
90 30 5 
90 31 5 
90 32 3 
90 34 1 
90 35 5 
90 36 4 
90 37 2 
90 38 2 
90 39 2 
90 40 2 
90 41 5 
90 42 1 
90 43 1 
90 44 5 
90 45 4 
90 46 1 
90 47 4 
90 48 1 
90 49 2 
90 50 5 
90 51 3 
90 52 4 
90 53 5 
90 54 5 
90 55 2 
90 56 2 
90 57 2 
90 58 3 
90 59 5 
90 60 5 
90 61 3 
90 62 5 
90 63 3 
90 64 3 
90 66 2 
90 67 1 
90 68 3 
90 69 5 
90 70 4 
90 71 5 
90 72 4 
90 73 5 
90 74 1 
90 75 4 
90 76 4 
90 77 2 
90 78 2 
90 80 5 
90 81 2 
90 82 4 
90 83 3 
90 84 1 
90 85 4 
90 86 5 
90 87 4 
90 89 3 
90 90 3 
90 92 1 
90 93 3 
90 94 3 
90 95 4 
90 96 3 
90 97 5 
90 99 1 
91 0 5 
91 1 4 
91 2 1 
91 3 3 
91 4 4 
91 5 2 
91 6 2 
91 7 2 
91 8 5 
91 9 4 
91 10 3 
91 11 4 
91 13 1 
91 14 1 
91 15 2 
91 16 5 
91 17 1 
91 18 1 
91 20 5 
91 21 4 
91 24 1 
91 25 3 
91 26 5 
91 27 5 
91 28 3 
91 29 5 
91 30 1 
91 31 2 
91 32 4 
91 33 3 
91 35 3 
91 37 2 
91 38 5 
91 39 5 
91 40 1 
91 41 3 
91 42 3 
91 43 2 
91 44 5 
91 45 5 
91 46 5 
91 47 4 
91 50 5 
91 52 5 
91 53 5 
91 55 1 
91 56 3 
91 58 1 
91 59 1 
91 60 5 
91 61 2 
91 62 4 
91 63 4 
91 64 5 
91 65 4 
91 66 1 
91 67 5 
91 68 1 
91 69 1 
91 70 5 
91 71 3 
91 72 4 
91 73 2 
91 74 5 
91 75 3 
91 76 2 
91 77 5 
91 78 2 
91 79 2 
91 80 5 
91 81 2 
91 82 3 
91 83 4 
91 84 1 
91 85 3 
91 86 5 
91 87 5 
91 88 3 
91 91 3 
91 92 3 
91 93 4 
91 94 2 
91 95 3 
91 96 3 
91 97 3 
91 98 3 
91 99 5 
92 0 5 
92 1 2 
92 2 2 
92 3 4 
92 4 5 
92 5 2 
92 6 2 
92 7 1 
92 8 1 
92 9 5 
92 10 4 
92 11 1 
92 12 1 
92 13 1 
92 14 5 
92 15 2 
92 16 5 
92 17 5 
92 18 2 
92 19 3 
92 21 3 
92 22 1 
92 23 3 
92 24 1 
92 25 3 
92 26 1 
92 27 5 
92 28 1 
92 29 4 
92 30 4 
92 32 1 
92 33 1 
92 34 5 
92 35 1 
92 36 4 
92 37 1 
92 38 2 
92 41 1 
92 42 1 
92 43 1 
92 44 2 
92 45 1 
92 46 4 
92 47 2 
92 50 5 
92 51 1 
92 52 3 
92 54 5 
92 55 5 
92 56 4 
92 58 5 
92 59 5 
92 60 5 
92 61 4 
92 63 1 
92 64 5 
92 65 5 
92 66 2 
92 67 4 
92 69 4 
92 70 4 
92 71 1 
92 73 5 
92 74 2 
92 75 3 
92 78 5 
92 79 1 
92 80 1 
92 81 5 
92 82 2 
92 83 5 
92 85 2 
92 86 4 
92 87 4 
92 88 2 
92 89 4 
92 90 4 
92 91 2 
92 92 2 
92 93 4 
92 94 3 
92 95 1 
92 96 3 
92 98 5 
92 99 4 
93 0 4 
93 1 4 
93 2 5 
93 3 5 
93 4 3 
93 5 2 
93 6 2 
93 7 4 
93 8 3 
93 9 2 
93 10 5 
93 11 5 
93 12 1 
93 13 2 
93 14 4 
93 15 1 
93 16 4 
93 17 3 
93 19 1 
93 20 1 
93 21 4 
93 22 4 
93 23 3 
93 24 3 
93 25 2 
93 26 5 
93 27 1 
93 28 2 
93 29 5 
93 30 5 
93 31 1 
93 32 3 
93 33 5 
93 35 1 
93 36 1 
93 37 2 
93 38 5 
93 39 5 
93 40 4 
93 41 5 
93 42 4 
93 44 2 
93 45 2 
93 46 2 
93 47 1 
93 49 3 
93 50 3 
93 51 1 
93 52 1 
93 53 1 
93 54 5 
93 55 4 
93 56 3 
93 57 5 
93 58 5 
93 59 5 
93 60 4 
93 61 5 
93 63 2 
93 64 5 
93 65 1 
93 66 4 
93 67 1 
93 68 3 
93 69 3 
93 71 2 
93 72 3 
93 73 4 
93 74 3 
93 75 5 
93 76 1 
93 77 5 
93 78 1 
93 79 1 
93 80 2 
93 81 4 
93 82 3 
93 83 4 
93 85 2 
93 86 3 
93 87 3 
93 88 1 
93 89 3 
93 90 3 
93 92 3 
93 93 4 
93 94 3 
93 95 2 
93 96 5 
93 97 1 
93 98 3 
93 99 3 
94 0 5 
94 1 3 
94 3 3 
94 4 2 
94 5 3 
94 6 2 
94 7 4 
94 8 3 
94 9 4 
94 10 5 
94 12 2 
94 13 3 
94 14 4 
94 15 2 
94 16 5 
94 17 2 
94 19 1 
94 21 4 
94 22 2 
94 23 3 
94 24 2 
94 25 5 
94 26 5 
94 27 2 
94 28 1 
94 29 2 
94 30 5 
94 34 3 
94 35 3 
94 36 4 
94 38 1 
94 39 1 
94 40 5 
94 41 1 
94 42 2 
94 43 1 
94 44 4 
94 45 1 
94 46 4 
94 47 4 
94 48 3 
94 49 5 
94 51 3 
94 52 3 
94 53 2 
94 56 2 
94 58 2 
94 59 4 
94 60 3 
94 61 2 
94 62 5 
94 63 3 
94 64 2 
94 65 2 
94 66 1 
94 67 1 
94 68 3 
94 69 3 
94 70 2 
94 71 3 
94 72 4 
94 73 4 
94 74 5 
94 75 3 
94 76 5 
94 77 3 
94 78 1 
94 79 3 
94 80 3 
94 81 2 
94 82 1 
94 83 1 
94 84 5 
94 85 1 
94 86 1 
94 87 1 
94 88 2 
94 89 4 
94 90 5 
94 91 5 
94 92 1 
94 93 4 
94 94 3 
94 95 4 
94 96 1 
94 97 4 
94 98 5 
94 99 5 
95 0 1 
95 1 2 
95 2 2 
95 4 1 
95 5 1 
95 6 3 
95 8 5 
95 9 5 
95 10 4 
95 11 3 
95 12 1 
95 13 5 
95 14 4 
95 15 1 
95 16 1 
95 18 2 
95 19 3 
95 20 4 
95 21 2 
95 22 2 
95 23 5 
95 24 1 
95 26 3 
95 27 3 
95 28 4 
95 29 2 
95 30 3 
95 32 4 
95 33 5 
95 35 5 
95 36 1 
95 37 4 
95 40 3 
95 41 5 
95 42 4 
95 43 5 
95 44 4 
95 45 2 
95 48 2 
95 49 3 
95 50 3 
95 51 1 
95 55 2 
95 57 4 
95 58 5 
95 59 5 
95 61 2 
95 62 5 
95 63 5 
95 64 2 
95 66 5 
95 67 3 
95 68 4 
95 69 5 
95 70 4 
95 71 2 
95 72 4 
95 73 2 
95 74 2 
95 75 3 
95 76 5 
95 77 3 
95 78 3 
95 79 1 
95 80 1 
95 81 1 
95 82 2 
95 83 1 
95 84 1 
95 85 3 
95 86 3 
95 87 2 
95 88 1 
95 89 3 
95 90 1 
95 91 2 
95 93 1 
95 94 1 
95 95 2 
95 96 2 
96 1 4 
96 2 3 
96 3 5 
96 4 1 
96 6 2 
96 8 3 
96 10 2 
96 11 5 
96 12 1 
96 13 5 
96 14 1 
96 15 3 
96 16 2 
96 17 4 
96 18 5 
96 19 4 
96 20 2 
96 21 1 
96 23 2 
96 24 2 
96 25 1 
96 26 4 
96 27 4 
96 28 2 
96 29 4 
96 30 5 
96 31 2 
96 32 3 
96 33 3 
96 34 1 
96 35 5 
96 36 3 
96 37 4 
96 38 5 
96 39 1 
96 40 4 
96 41 2 
96 44 2 
96 45 1 
96 46 3 
96 47 4 
96 49 3 
96 50 3 
96 51 3 
96 52 4 
96 53 3 
96 54 5 
96 55 1 
96 56 4 
96 57 4 
96 60 3 
96 62 3 
96 64 3 
96 65 4 
96 66 5 
96 67 1 
96 68 2 
96 69 5 
96 70 2 
96 71 1 
96 72 2 
96 73 3 
96 74 2 
96 75 4 
96 76 5 
96 78 3 
96 80 3 
96 82 4 
96 83 2 
96 84 3 
96 85 3 
96 86 4 
96 87 2 
96 88 2 
96 89 4 
96 90 3 
96 91 5 
96 92 4 
96 95 2 
96 96 5 
96 97 5 
96 98 3 
96 99 2 
97 0 5 
97 2 3 
97 3 2 
97 4 4 
97 5 5 
97 7 4 
97 9 4 
97 10 5 
97 11 3 
97 12 5 
97 13 3 
97 15 2 
97 16 1 
97 17 5 
97 18 5 
97 19 3 
97 20 3 
97 21 3 
97 22 2 
97 23 2 
97 24 3 
97 25 2 
97 26 4 
97 27 3 
97 28 2 
97 29 2 
97 30 5 
97 31 2 
97 32 2 
97 33 3 
97 34 4 
97 36 3 
97 37 5 
97 38 5 
97 39 3 
97 40 3 
97 41 4 
97 42 1 
97 43 2 
97 44 1 
97 45 1 
97 46 5 
97 47 3 
97 48 1 
97 49 5 
97 51 4 
97 52 2 
97 53 3 
97 54 1 
97 56 5 
97 58 3 
97 59 2 
97 60 2 
97 61 3 
97 62 5 
97 63 4 
97 65 3 
97 66 5 
97 67 3 
97 68 3 
97 69 4 
97 72 3 
97 73 1 
97 74 3 
97 75 5 
97 76 3 
97 77 3 
97 78 2 
97 79 4 
97 80 3 
97 81 2 
97 82 3 
97 83 5 
97 84 5 
97 85 5 
97 87 5 
97 88 5 
97 89 4 
97 90 2 
97 91 1 
97 92 1 
97 93 1 
97 95 2 
97 96 4 
97 98 5 
97 99 1 
98 0 4 
98 2 2 
98 3 2 
98 4 2 
98 6 1 
98 7 5 
98 8 4 
98 9 3 
98 10 4 
98 11 1 
98 13 2 
98 14 1 
98 15 5 
98 16 1 
98 17 1 
98 18 5 
98 21 1 
98 22 2 
98 23 2 
98 24 2 
98 25 2 
98 26 4 
98 27 1 
98 28 2 
98 29 3 
98 30 3 
98 31 1 
98 32 3 
98 34 3 
98 35 5 
98 36 1 
98 37 5 
98 38 5 
98 39 5 
98 40 2 
98 41 4 
98 43 2 
98 45 2 
98 46 2 
98 47 2 
98 48 4 
98 49 2 
98 50 3 
98 51 4 
98 52 3 
98 53 5 
98 56 2 
98 57 5 
98 58 2 
98 59 4 
98 60 2 
98 65 4 
98 67 1 
98 68 3 
98 70 1 
98 72 4 
98 73 2 
98 74 3 
98 75 5 
98 76 4 
98 78 1 
98 79 2 
98 80 2 
98 81 4 
98 82 1 
98 84 4 
98 85 2 
98 86 1 
98 88 1 
98 89 3 
98 90 5 
98 91 4 
98 92 4 
98 94 5 
98 95 5 
98 96 4 
98 97 5 
98 98 1 
98 99 2 
99 1 2 
99 2 3 
99 3 4 
99 4 4 
99 6 4 
99 7 3 
99 8 1 
99 9 5 
99 11 3 
99 12 4 
99 13 1 
99 14 4 
99 15 3 
99 16 4 
99 17 5 
99 18 3 
99 20 3 
99 21 3 
99 22 4 
99 23 2 
99 24 3 
99 25 3 
99 26 1 
99 27 1 
99 28 3 
99 29 2 
99 30 4 
99 31 4 
99 32 4 
99 33 1 
99 34 2 
99 35 3 
99 36 1 
99 37 1 
99 39 3 
99 40 1 
99 42 1 
99 44 2 
99 45 5 
99 46 3 
99 47 1 
99 48 5 
99 49 1 
99 50 1 
99 51 3 
99 52 4 
99 53 5 
99 54 5 
99 55 1 
99 56 3 
99 58 3 
99 59 1 
99 60 2 
99 61 1 
99 62 5 
99 63 1 
99 64 2 
99 65 2 
99 66 4 
99 67 4 
99 68 3 
99 69 5 
99 70 1 
99 71 4 
99 72 5 
99 73 2 
99 74 4 
99 75 2 
99 76 2 
99 77 2 
99 78 3 
99 79 1 
99 80 3 
99 81 4 
99 82 4 
99 83 1 
99 84 4 
99 85 4 
99 86 3 
99 87 1 
99 88 4 
99 90 3 
99 91 1 
99 92 2 
99 93 2 
99 94 2 
99 95 4 
99 96 5 
99 98 3 
99 99 2 
